FL slip,FL eff,FL pf,T_b / T_n,T_LR / T_n,I_LR / I_n,kW
0.041666667,0.83,0.83,3.333333333,2.833333333,7.272727273,0.754705199
0.05,0.8,0.64,2.266666667,1.333333333,4.214285714,0.713882061
0.041666667,0.81,0.79,3.5,3.166666667,7.5,0.764754125
0.041666667,0.75,0.69,4.4,3.366666667,6.571428571,0.721550716
0.033333333,0.83,0.69,4.4,3.366666667,6.571428571,0.798516125
0.033333333,0.83,0.8,3.333333333,2.666666667,7.090909091,0.727426698
0.033333333,0.86,0.78,3.666666667,2.733333333,7.818181818,0.734876249
0.041666667,0.79,0.69,3.533333333,2.433333333,5.285714286,0.760033421
0.033333333,0.83,0.8,3.333333333,2.666666667,7.090909091,0.727426698
0.041666667,0.76,0.76,4.333333333,3.666666667,6.769230769,0.747823328
0.05,0.8,0.63,2.608695652,1.608695652,4.777777778,7.23E-01
0.027777778,0.87,0.79,4.833333333,3.333333333,10.18181818,0.752952364
0.041666667,0.74,0.79,3.266666667,3.066666667,5.9375,0.74524188
0.041666667,0.83,0.83,3.333333333,2.833333333,7.142857143,0.768427112
0.05,0.8,0.63,2.608695652,1.608695652,4.777777778,0.722805587
0.041666667,0.83,0.63,3.111111111,2.555555556,5.5,0.749910796
0.055555556,0.68,0.65,2.62295082,1.721311475,3.619047619,0.739537197
0.033333333,0.83,0.8,3.333333333,2.666666667,6.928571429,7.41E-01
0.041666667,0.77,0.83,4.133333333,2.733333333,6.666666667,0.763798033
0.041666667,0.83,0.63,2.666666667,2.044444444,5.333333333,0.749910796
0.041666667,0.79,0.72,4.355555556,3.111111111,6.5,1.132969074
0.033333333,0.84,0.72,4.355555556,3.111111111,6.5,1.204675978
0.033333333,0.84,0.79,3.555555556,2.777777778,7.529411765,1.123527665
0.041666667,0.83,0.78,3.5,2.8,6.8,0.773717488
0.036111111,0.83,0.87,4.130434783,3.434782609,9.2,1.078740729
0.041666667,0.77,0.69,4.4,3.366666667,6.764705882,0.719626581
0.041666667,0.77,0.72,4.066666667,3.333333333,6.444444444,7.95E-01
0.041666667,0.82,0.78,5,4,9,0.764395591
0.041666667,0.82,0.79,3.5,3.166666667,7.533333333,0.774195534
0.041666667,0.83,0.81,3.333333333,3,5.5625,8.57E-01
0.041666667,0.84,0.85,4.133333333,3.666666667,9.285714286,1.493296264
0.038888889,0.77,0.655,4.166666667,3.333333333,13.88888889,0.723307535
0.05,0.76,0.75,2.571428571,2.285714286,4.24,1.135359304
0.033333333,0.83,0.8,3.333333333,2.666666667,6.928571429,0.740652638
0.033333333,0.84,0.79,3.555555556,2.777777778,7.529411765,1.123527665
0.033333333,0.86,0.78,3.666666667,2.733333333,7.714285714,0.748237635
0.05,0.8,0.69,3.695652174,3.369565217,6.117647059,0.74766398
0.041666667,0.79,0.72,3.806451613,3.387096774,6.705882353,0.77041897
0.033333333,0.8,0.8,3.466666667,3,9.928571429,0.713882061
0.041666667,0.83,0.89,4.272727273,3.5,9,1.177108657
0.041666667,0.76,0.76,4.333333333,3.666666667,6.875,0.736318354
0.027777778,0.87,0.79,4.833333333,3.333333333,10,0.766642407
0.026111111,0.87,0.79,4.833333333,3.333333333,10,0.766642407
0.022222222,0.875,0.823,3.52,2.153333333,7.884615385,3.729406333
0.05,0.8,0.63,2.673913043,1.695652174,8.823529412,0.682649721
0.033333333,0.87,0.77,4,3.111111111,8.235294118,1.134194067
0.041666667,0.825,0.69,3.066666667,2.833333333,9.375,7.26E-01
0.041666667,0.84,0.89,4.466666667,3.533333333,10.38461538,0.774338948
0.05,0.83,0.681,2.695652174,2.195652174,6.222222222,0.810617861
0.05,0.8,0.75,3.191176471,2.779411765,5.208333333,1.15E+00
0.041666667,0.838,0.698,3.5,3,8.625,0.745654912
0.033333333,0.84,0.79,3.75,2.75,7.636363636,1.453976979
0.05,0.81,0.71,3.369565217,2.934782609,6.176470588,0.778952092
0.041666667,0.87,0.82,3.5,3,7.476190476,1.492041393
0.033333333,0.86,0.64,2.602941176,1.764705882,5.35,1.096318879
0.041666667,0.79,0.77,3.777777778,3.111111111,6.956521739,1.114715684
0.041666667,0.87,0.82,3.283333333,2.933333333,7.142857143,1.49E+00
0.041666667,0.83,0.87,3.652173913,2.913043478,8.1,1.150656777
0.055555556,0.7,0.67,2.446808511,1.808510638,4.137931034,1.08365066
0.041666667,0.79,0.72,4,3.222222222,6.92,1.132969074
0.041666667,0.77,0.72,4.355555556,3.111111111,6.8,1.104286313
0.041666667,0.785,0.72,4.355555556,3.111111111,6.8,1.125798384
0.041666667,0.79,0.72,4.355555556,3.111111111,6.8,1.13E+00
0.041666667,0.84,0.72,4.355555556,3.111111111,6.8,1.204675978
0.033333333,0.84,0.79,3.75,2.75,7.636363636,1.453976979
0.036111111,0.8,0.74,4.044444444,3.222222222,14.58333333,1.132012982
0.041666667,0.86,0.83,4.565217391,4.347826087,9.875,1.137430837
0.041666667,0.83,0.89,4.272727273,3.5,9,1.177108657
0.041666667,0.76,0.76,3.826086957,3.260869565,6.541666667,1.104477531
0.041666667,0.8,0.8,4.1,4.1,7.586206897,1.478755697
0.041666667,0.785,0.9,3.333333333,2.733333333,6.481481481,1.519827818
0.041666667,0.79,0.9,3.333333333,2.733333333,6.481481481,1.52950825
0.041666667,0.79,0.89,3.266666667,2.733333333,6.666666667,1.512513714
0.033333333,0.84,0.78,4.888888889,3.111111111,10,1.044052514
0.033333333,0.84,0.79,3.666666667,2.888888889,7.857142857,1.110309693
0.033333333,0.84,0.79,3.555555556,2.777777778,7.619047619,1.110309693
0.033333333,0.84,0.79,3.555555556,2.777777778,7.619047619,1.110309693
0.030555556,0.84,0.892,4.266666667,3.666666667,9.6,1.492459683
0.041666667,0.84,0.73,2.717391304,2.5,9.090909091,1.074838678
0.041666667,0.84,0.85,4.133333333,3.666666667,9.285714286,1.493296264
0.033333333,0.87,0.77,4,3.111111111,8.333333333,1.12E+00
0.05,0.76,0.75,2.571428571,2.285714286,4.24,1.135359304
0.041666667,0.79,0.71,3.933333333,2.616666667,6.34375,1.430058743
0.027777778,0.84,0.75,4.866666667,3.233333333,9.266666667,0.752922486
0.041666667,0.83,0.89,4.272727273,3.5,9,1.177108657
0.041666667,0.86,0.89,4.272727273,3.5,9,1.219654753
0.041666667,0.83,0.86,3.954545455,3.227272727,7.619047619,1.19E+00
0.041666667,0.83,0.84,3.777777778,3.111111111,7.9,1.110978957
0.033333333,0.87,0.8,4.088888889,3.377777778,8.4,1.109066773
0.041666667,0.83,0.81,4.177777778,3.777777778,8.714285714,1.124866194
0.029166667,0.875,0.805,2.52173913,1.739130435,12.5,1.122412225
0.027777778,0.88,0.78,4.966666667,4.722222222,9.363636364,2.255899182
0.05,0.83,0.73,3.444444444,2.444444444,5.806451613,1.496515107
0.033333333,0.87,0.63,3,2.333333333,5.571428571,1.528432647
0.041666667,0.8,0.87,3.652173913,3.086956522,7.71875,2.218133546
0.027777778,0.85,0.77,4.088888889,3.133333333,9.238095238,1.095083927
0.041666667,0.825,0.8,4.583333333,3.666666667,7.586206897,1.524966813
0.041666667,0.83,0.8,4.583333333,3.666666667,7.586206897,1.534209036
0.041666667,0.83,0.8,4.583333333,3.666666667,7.586206897,1.534209036
0.041666667,0.83,0.77,3.833333333,3.233333333,7,1.527596066
0.041666667,0.84,0.8,3.442622951,2.704918033,7.5,1.499152328
0.041666667,0.87,0.85,5.333333333,5.333333333,12,1.472979308
0.041666667,0.87,0.85,5.333333333,5.333333333,7.84,1.472979308
0.041666667,0.87,0.82,3.5,3,7.259259259,1.53E+00
0.027777778,0.88,0.78,4.555555556,4.4,10.61904762,1.148457765
0.033333333,0.842,0.794,3.086956522,3,9.285714286,1.118588494
0.029166667,0.86,0.59,3.411764706,2,5.714285714,1.131949243
0.041666667,0.83,0.82,3.815217391,3.717391304,8.333333333,2.236837097
0.033333333,0.855,0.69,2.582089552,1.71641791,8.333333333,1.13E+00
0.041666667,0.86,0.83,4.695652174,4.434782609,10.05,1.137430837
0.041666667,0.87,0.83,4.066666667,3.166666667,8.419354839,2.229397506
0.055555556,0.82,0.62,2.822580645,2.016129032,4.25,1.62025732
0.055555556,0.83,0.62,2.822580645,2.016129032,4.25,1.640016556
0.041666667,0.87,0.9,3.666666667,3.266666667,8.8,1.55962515
0.041666667,0.845,0.755,2.911111111,2.8,8.409090909,1.118265175
0.030555556,0.85,0.7,4.511111111,3.911111111,6.631578947,1.125897977
0.027777778,0.88,0.79,4.055555556,3.2,7.058823529,2.35E+00
0.027777778,0.88,0.78,3.707865169,2.471910112,7.848484848,2.26E+00
0.038888889,0.865,0.765,2.804347826,2.5,9.523809524,1.107172516
0.041666667,0.8,0.8,4.1,4.1,7.586206897,1.478755697
0.033333333,0.84,0.78,4,3.166666667,8.107142857,1.46167352
0.033333333,0.84,0.79,3.75,2.75,7.5,1.480412924
0.033333333,0.84,0.79,3.75,2.75,7.5,1.480412924
0.034722222,0.865,0.79,2.4,1.7,9.259259259,1.470027374
0.034722222,0.865,0.79,2.4,1.7,11.36363636,1.497250103
0.041666667,0.785,0.763,3.055555556,2.155555556,12.5,2.099739075
0.041666667,0.87,0.82,3.5,3,7.259259259,1.534671147
0.041666667,0.86,0.9,4.666666667,4.444444444,10,2.312547636
0.033333333,0.84,0.86,3.133333333,1.766666667,9.615384615,1.49647527
0.033333333,0.825,0.84,2.52173913,1.782608696,10,1.104286313
0.033333333,0.86,0.68,2.794117647,2.102941176,6.875,1.118245257
0.033333333,0.856,0.84,3.3,2.9,8.461538462,1.48951492
0.027777778,0.88,0.78,3.707865169,2.471910112,7.878787879,2.255899182
0.022222222,0.9,0.77,3.444444444,2.444444444,7.878787879,2.27759052
0.041666667,0.846,0.714,3,2.901639344,7.903225806,1.49E+00
0.041666667,0.84,0.9,3.744680851,3.382978723,8.447368421,2.288884358
0.027777778,0.89,0.92,5.177777778,3.555555556,10.22222222,2.20176047
0.041666667,0.83,0.79,4.055555556,3.2,7.142857143,2.19E+00
0.029166667,0.855,0.588,3.441176471,2.25,6.428571429,1.121553335
0.041666667,0.84,0.77,5,4.166666667,8.965517241,1.494467477
0.027777778,0.88,0.78,4.966666667,4.722222222,9.363636364,2.255899182
0.022222222,0.9,0.77,3.444444444,2.444444444,8.258064516,2.139554731
0.033333333,0.87,0.64,3.222222222,1.933333333,5.470588235,1.508330811
0.033333333,0.86,0.6,3.044444444,1.611111111,5.555555556,1.48E+00
0.033333333,0.87,0.63,3,2.333333333,5.571428571,1.528432647
0.033333333,0.87,0.64,3.222222222,1.933333333,5.470588235,1.508330811
0.033333333,0.865,0.7,2.43956044,1.637362637,8.064516129,1.495527145
0.041666667,0.8,0.87,3.652173913,3.086956522,7.725,2.218133546
0.041666667,0.771,0.76,3.466666667,2.266666667,5.625,0.746975594
0.036111111,0.86,0.8,4.209677419,4,7.5,1.507438459
0.041666667,0.87,0.85,5.333333333,5.333333333,12,1.472979308
0.033333333,0.877,0.8,3,2.395604396,7.75,2.235980598
0.041666667,0.83,0.82,3.815217391,3.717391304,8.365853659,2.223280508
0.041666667,0.83,0.82,4.555555556,3.444444444,8.536585366,2.223280508
0.041666667,0.84,0.82,4.555555556,3.444444444,8.536585366,2.250067021
0.025,0.89,0.61,3.344444444,1.877777778,5.971428571,1.513931917
0.041666667,0.8,0.89,4.444444444,3.555555556,8.461538462,2.21E+00
0.041666667,0.82,0.89,4.666666667,3.333333333,8.974358974,2.267706919
0.041666667,0.87,0.82,3.555555556,3.111111111,8,2.273586885
0.030555556,0.85,0.7,4.511111111,3.911111111,7,1.04E+00
0.041666667,0.83,0.87,4.282608696,3.804347826,8.657894737,2.186247876
0.034722222,0.86,0.91,4.260869565,3.826086957,10.10810811,2.307066041
0.027777778,0.86,0.73,4.316666667,2.85,8.827586207,1.450566917
0.041666667,0.84,0.79,4.055555556,3.222222222,7.142857143,2.22E+00
0.041666667,0.825,0.79,4.055555556,3.2,7.142857143,2.180965468
0.041666667,0.83,0.79,4.055555556,3.2,7.142857143,2.19418344
0.041666667,0.83,0.79,4.055555556,3.2,7.142857143,2.19418344
0.041666667,0.84,0.79,4.055555556,3.2,7.142857143,2.220619386
0.041666667,0.83,0.77,4,3.111111111,7.441860465,2.189554361
0.027777778,0.88,0.78,3.707865169,2.471910112,7.902439024,2.242227066
0.027777778,0.89,0.79,4.122222222,2.544444444,7.15,2.240761058
0.025,0.89,0.6,3.168539326,2.056179775,5.657142857,1.489113361
0.033333333,0.869,0.695,2.703296703,2.703296703,7.096774194,1.491711143
0.033333333,0.84,0.71,3.6,2.766666667,9.375,0.760284395
0.041666667,0.785,0.58,3.933333333,3.166666667,5.238095238,0.76179024
0.033333333,0.785,0.58,3.933333333,3.166666667,5.238095238,0.76179024
0.027777778,0.88,0.8,3.5,2.426666667,7.884615385,3.645897668
0.041666667,0.88,0.89,4.888888889,4.222222222,8.055555556,2.246433871
0.022222222,0.875,0.76,3.888888889,2.222222222,7.619047619,2.225304237
0.05,0.77,0.61,3.222222222,2.4,5,0.748460723
0.027777778,0.859,0.908,3,2.288888889,8.611111111,2.237175075
0.027777778,0.875,0.82,2.8,2.355555556,8.210526316,2.172320802
0.041666667,0.86,0.91,4.510638298,4.191489362,10.21621622,2.307066041
0.041666667,0.855,0.91,4.222222222,4.111111111,10,2.231662249
0.0375,0.88,0.95,4.684210526,3.710526316,8.175438596,4.745801892
0.027777778,0.855,0.87,2.333333333,1.644444444,8.421052632,2.252098716
0.041666667,0.87,0.82,3.555555556,3.111111111,8,2.273586885
0.033333333,0.87,0.74,3.831460674,2.292134831,7.627906977,2.21E+00
0.027777778,0.88,0.78,3.466666667,2.066666667,7.090909091,3.75983197
0.05,0.82,0.76,3.303703704,2.8,6.666666667,2.234387111
0.029166667,0.865,0.6,3.444444444,1.933333333,12.5,1.488635315
0.033333333,0.77,0.64,3.966666667,3.033333333,6.947368421,0.746006754
0.054166667,0.825,0.675,2.608695652,2.02173913,5.294117647,0.75426699
0.033333333,0.875,0.81,2.6,2.211111111,8,2.258767458
0.041666667,0.77,0.74,3.866666667,2.866666667,6.236842105,0.750061138
0.027777778,0.875,0.78,3.707865169,2.471910112,7.902439024,2.229487139
0.027777778,0.88,0.78,3.707865169,2.471910112,7.902439024,2.242227066
0.041666667,0.825,0.66,2.804347826,2.152173913,8.333333333,7.81E-01
0.027777778,0.9,0.92,5.177777778,3.555555556,9.411764706,2.24E+00
0.027777778,0.89,0.92,5.177777778,3.555555556,10.14705882,2.218069807
0.027777778,0.86,0.93,4.666666667,3.333333333,10.14285714,2.23E+00
0.05,0.77,0.61,3.244444444,2.6,4.8,0.748460723
0.041666667,0.8,0.75,4.266666667,3.133333333,7.8125,0.764873637
0.033333333,0.8,0.75,4.266666667,3.133333333,7.8125,7.65E-01
0.013888889,0.875,0.783,3.833333333,2.322222222,8.536585366,2.23806209
0.041666667,0.825,0.855,3.533333333,2.266666667,13.73134328,3.765419133
0.041666667,0.88,0.92,4.210526316,3.552631579,9.361702128,3.789630172
0.027777778,0.88,0.8,3.5,2.426666667,7.884615385,3.645897668
0.038888889,0.825,0.835,4.333333333,3.666666667,8.571428571,0.768399226
0.027777778,0.88,0.78,4.966666667,4.722222222,9.414634146,2.242227066
0.027777778,0.88,0.79,3.245033113,2.052980132,7.12962963,3.738797945
0.025,0.895,0.84,3.699115044,3.398230088,7.893333333,5.615546875
0.027777778,0.9,0.8,3.866666667,2.733333333,8.269230769,3.728758979
0.027777778,0.9,0.8,3.866666667,2.733333333,8.461538462,3.728758979
0.027777778,0.9,0.8,3.4,2.466666667,7.692307692,3.728758979
0.027777778,0.9,0.82,3.333333333,2.133333333,7.450980392,3.748478377
0.022222222,0.9,0.77,3.444444444,2.444444444,7.804878049,2.263786941
0.027777778,0.88,0.81,3,2.166666667,6.461538462,2.214882833
0.025,0.875,0.73,2.348148148,1.6,7.272727273,2.239247246
0.023611111,0.855,0.87,3.733333333,2.577777778,8.789473684,2.252098716
0.041666667,0.8,0.71,3.155555556,2.4,5.875,0.724080376
0.030555556,0.825,0.735,4.3,3.333333333,8.133333333,0.724687893
0.033333333,0.87,0.71,2.379562044,1.832116788,4.955555556,2.21E+00
0.041666667,0.855,0.6,2.652173913,1.695652174,8.333333333,0.735712829
0.041666667,0.855,0.6,2.652173913,1.695652174,8.571428571,0.715276362
0.041666667,0.785,0.915,4.133333333,3.066666667,10,0.743965099
0.027777778,0.87,0.8,3,3,7.5,2.218133546
0.027777778,0.89,0.8,3.555555556,2.444444444,7.692307692,2.21E+00
0.022222222,0.88,0.83,3.022222222,2.155555556,6.282051282,2.27E+00
0.036111111,0.86,0.8,4.209677419,4,7.5,1.644478319
0.033333333,0.9,0.64,4,2,6.666666667,2.237255387
0.041666667,0.84,0.78,2.754098361,2.393442623,8.620689655,1.513876145
0.041666667,0.815,0.77,3.8,3.166666667,7.4,0.749994454
0.033333333,0.84,0.83,3.333333333,2.666666667,13.73134328,3.721779507
0.030555556,0.865,0.77,3,2.733333333,10.71428571,0.742939292
0.030555556,0.865,0.77,3,2.733333333,10.90909091,7.30E-01
0.022222222,0.855,0.685,5.5,4.5,9.375,0.746612279
0.033333333,0.86,0.78,3.666666667,2.733333333,7.75,0.743590196
0.033333333,0.87,0.75,2.740740741,2,5.76744186,2.24E+00
0.041666667,0.84,0.89,3.6,2.4,7.777777778,3.75E+00
0.027777778,0.9,0.9,5.2,4.133333333,10.86956522,3.71E+00
0.025,0.88,0.7,5.296703297,4.395604396,6.805555556,2.21E+00
0.041666667,0.84,0.94,3.043478261,2.260869565,7.571428571,5.504699954
0.033333333,0.8,0.61,2.266666667,1.9,4.432989691,3.771464423
0.041666667,0.86,0.73,3.422222222,2.488888889,5.666666667,5.627199247
0.033333333,0.785,0.72,3.555555556,2.466666667,6.04,1.125798384
0.041666667,0.803,0.83,3.565217391,2.695652174,7.380952381,1.115145128
0.041666667,0.825,0.86,3.333333333,2.833333333,3.212121212,3.730910186
0.022222222,0.875,0.825,3.266666667,2,14.15384615,3.738469288
0.041666667,0.86,0.89,4.342105263,3.684210526,8.032786885,3.719946997
0.027777778,0.88,0.78,3.466666667,2.066666667,7.101449275,3.773504086
0.041666667,0.86,0.8,3.933333333,3,8.153846154,3.563036357
0.041666667,0.86,0.8,3.933333333,3.733333333,8.153846154,3.563036357
0.041666667,0.86,0.8,3.933333333,3,8.153846154,3.563036357
0.041666667,0.79,0.72,3.806451613,3.387096774,6.666666667,0.768448589
0.034722222,0.865,0.81,3.608695652,3.608695652,9.523809524,1.172300311
0.033333333,0.875,0.785,2.703030303,2.303030303,14.30555556,3.940294344
0.041666667,0.84,0.9,4.133333333,3.6,7.868852459,3.674261732
0.041666667,0.855,0.94,3.866666667,2.933333333,8.103448276,3.713987356
0.041666667,0.86,0.94,3.866666667,2.933333333,8.103448276,3.735706581
0.041666667,0.86,0.89,3.6,2.4,7.777777778,3.84E+00
0.045833333,0.84,0.875,3.608695652,2.869565217,7.894736842,1.11E+00
0.027777778,0.88,0.78,3.466666667,2.066666667,7.101449275,3.77E+00
0.033333333,0.9,0.63,3.333333333,1.703703704,6.4,2.258767458
0.027777778,0.87,0.86,2.4,1.866666667,5.693548387,3.70E+00
0.033333333,0.89,0.67,2.814814815,2.148148148,5.869565217,2.185451133
0.047222222,0.84,0.805,2.586956522,2.304347826,5.952380952,1.131391522
0.027777778,0.855,0.9,3.413333333,2.613333333,15.08196721,3.739873549
0.05,0.77,0.64,3.073529412,2.470588235,4.964285714,1.10E+00
0.05,0.77,0.64,3.073529412,2.470588235,4.964285714,1.099378374
0.027777778,0.875,0.84,2.3,1.9,7.1875,3.75E+00
0.041666667,0.79,0.72,4.355555556,3.111111111,7.090909091,1.08E+00
0.027777778,0.875,0.9,2.2,1.533333333,7.796610169,3.70186889
0.027777778,0.882,0.856,2.900662252,2.198675497,7.258064516,3.729516203
0.055555556,0.77,0.62,3.689320388,2.588996764,4.795918367,3.727579798
0.027777778,0.888,0.893,2.893333333,2.346666667,7.627118644,3.73E+00
0.05,0.84,0.77,2.798245614,2.535087719,5.753424658,3.761935373
0.033333333,0.855,0.825,2.52173913,1.739130435,10,1.124005711
0.033333333,0.855,0.825,2.52173913,1.739130435,10,1.12E+00
0.033333333,0.88,0.64,3.747787611,2.694690265,6.850746269,3.76E+00
0.041666667,0.875,0.92,4.210526316,3.552631579,9.491525424,3.784132643
0.041666667,0.88,0.92,4.210526316,3.552631579,9.491525424,3.805756258
0.041666667,0.88,0.92,4.210526316,3.552631579,9.491525424,3.805756258
0.033333333,0.84,0.76,4,3.266666667,8.181818182,1.11901013
0.025,0.917,0.815,2,1,5.78700361,143.4258169
0.033333333,0.9,0.68,3.392070485,2.246696035,6.967741935,3.778953811
0.036111111,0.845,0.858,2.956521739,1.869565217,12.98969072,5.603175044
0.022222222,0.885,0.826,3.26,2.046666667,7.1875,3.727535181
0.038888889,0.865,0.8,2.804347826,2.5,10,1.102692826
0.038888889,0.865,0.8,2.804347826,2.5,10,1.102692826
0.027777778,0.88,0.8,3.5,2.426666667,7.641791045,3.758079135
0.027777778,0.875,0.79,3.57615894,2.582781457,7.76119403,3.690017332
0.027777778,0.88,0.79,3.57615894,2.582781457,7.76119403,3.711103145
0.025,0.895,0.84,3.699115044,3.398230088,7.904255319,5.630521667
0.022222222,0.875,0.823,3.52,2.153333333,7.846153846,3.729406333
0.027777778,0.9,0.8,3.866666667,2.733333333,8.307692308,3.728758979
0.027777778,0.9,0.8,4.133333333,2.6,8.261538462,3.73E+00
0.027777778,0.9,0.8,3.4,2.466666667,7.846153846,3.73E+00
0.027777778,0.9,0.82,3.333333333,2.133333333,7.5,3.763178292
0.025,0.87,0.78,2.629310345,1.681034483,6.338028169,3.838757368
0.025,0.885,0.91,3.902597403,3.402597403,6.647727273,7.058230016
0.041666667,0.86,0.78,3.1,2.3,6.315789474,7.62E+00
0.041666667,0.86,0.92,4.533333333,4,9.491525424,3.719261798
0.033333333,0.88,0.63,3.311111111,1.977777778,5.823529412,2.252744078
0.027777778,0.895,0.84,3.799352751,3.501618123,8.101010101,7.412521875
0.036111111,0.855,0.76,3.511111111,3,8.695652174,1.19E+00
0.041666667,0.84,0.8,3.777777778,3.355555556,8,1.12E+00
0.033333333,0.84,0.8,3.777777778,3.355555556,8,1.12E+00
0.029166667,0.91,0.8,2.1,1.3,5.633802817,7.16E+01
0.022222222,0.91,0.84,3.125,2.455357143,7.027027027,5.633533357
0.027777778,0.9,0.95,5.2,4.133333333,11.16071429,3.81E+00
0.027777778,0.87,0.8,3,3,7.487179487,2.162680208
0.033333333,0.9,0.64,4,2,6.530612245,2.248728492
0.043055556,0.865,0.855,3.133333333,3,9.615384615,1.532053845
0.041666667,0.815,0.74,3.566666667,2.9,6.451612903,1.489599375
0.033333333,0.815,0.74,3.566666667,2.9,6.451612903,1.49E+00
0.027777778,0.865,0.677,6,5.111111111,9.791666667,1.119784565
0.033333333,0.89,0.74,3.097345133,1.681415929,5.971830986,3.73E+00
0.041666667,0.89,0.94,5.663716814,4.513274336,11.02941176,5.665721789
0.033333333,0.84,0.71,4.488888889,3.6,7.088607595,3.753904199
0.05,0.84,0.69,3.230088496,2.566371681,6.153846154,3.601981173
0.041666667,0.86,0.73,3.422222222,2.488888889,5.663716814,5.652209021
0.022222222,0.885,0.815,3.453333333,2.106666667,7.723076923,3.735361989
0.027777778,0.88,0.84,2.666666667,1.933333333,6.03125,3.769297281
0.041666667,0.79,0.72,4.355555556,3.111111111,6.964285714,1.103413359
0.034722222,0.875,0.88,3.666666667,2.733333333,14.83870968,3.803652855
0.036111111,0.88,0.8,5.516129032,4.516129032,7.209302326,3.014876918
0.027777778,0.89,0.8,2.735426009,1.793721973,6.282051282,5.530992485
0.033333333,0.855,0.73,2.808823529,1.897058824,8.333333333,1.193489701
0.027777778,0.89,0.9,5.467741935,4.967741935,10.48648649,2.95E+00
0.047222222,0.88,0.93,3.347826087,2.504347826,7.126436782,5.67E+00
0.025,0.88,0.7,5.296703297,4.395604396,6.8,2.21E+00
0.041666667,0.86,0.92,3.982300885,3.716814159,8.539325843,5.61E+00
0.041666667,0.84,0.94,3.043478261,2.260869565,7.5,5.536155382
0.041666667,0.855,0.913,2.769736842,2.592105263,6.905263158,7.39E+00
0.027777778,0.9,0.9,5.2,4.133333333,10.68965517,3.74E+00
0.027777778,0.865,0.86,2.73,2.18,7.142857143,7.260543077
0.025,0.875,0.75,2.2,1.537777778,6.478873239,3.712326146
0.041666667,0.86,0.73,3.422222222,2.488888889,5.663716814,5.652209021
0.022222222,0.9,0.79,4.444444444,3.777777778,10.5,5.664845371
0.022222222,0.9,0.76,3.671171171,1.833333333,7.073170732,5.585967777
0.027777778,0.895,0.784,2.497777778,1.902222222,6.3,5.590588889
0.038888889,0.865,0.77,3.196721311,2.803278689,8.620689655,1.538945675
0.022222222,0.9,0.76,3.671171171,1.833333333,7.073170732,5.585967777
0.041666667,0.79,0.71,3.933333333,2.616666667,6.351351351,1.437830801
0.027777778,0.895,0.84,3.902631579,3.602631579,8.296875,9.583866667
0.05,0.83,0.75,3.130434783,2.84057971,6.517857143,5.554894786
0.041666667,0.84,0.91,3.716814159,2.477876106,7,6.090306332
0.041666667,0.88,0.91,3.716814159,2.477876106,7,6.380320919
0.041666667,0.84,0.92,3.716814159,2.477876106,7.777777778,5.541509497
0.020833333,0.9,0.7,3.644578313,1.810240964,6.099099099,5.571626397
0.025,0.879,0.694,3.296296296,2.296296296,6.739130435,2.235757191
0.033333333,0.87,0.77,4,3.111111111,8.395833333,1.113888803
0.016666667,0.92,0.81,4.684684685,2.297297297,8.213333333,5.566248379
0.030555556,0.84,0.892,4.266666667,3.666666667,9.6,1.492459683
0.022222222,0.895,0.91,3.909574468,3.308510638,6.366071429,9.084706945
0.038888889,0.865,0.85,3.533333333,3.133333333,8.653846154,1.523094466
0.033333333,0.89,0.65,3.672566372,2.522123894,6.296296296,3.733419927
0.041666667,0.788,0.852,4.1,3.4,7.857142857,1.497760258
0.041666667,0.9,0.81,4.044444444,2.755555556,8.1,5.81E+00
0.027777778,0.88,0.8,3.955555556,2.711111111,8,5.609073335
0.027777778,0.9,0.8,3.955555556,2.711111111,8,5.74E+00
0.016666667,0.9,0.73,3.111782477,1.510574018,5.849056604,5.548680188
0.033333333,0.84,0.64,2.333333333,2,4.814814815,5.782444693
0.025,0.875,0.535,4.074074074,2.488888889,5.7,2.237852945
0.025,0.84,0.7,2.755555556,2.1,5.625,1.50E+00
0.022222222,0.9,0.8,3.489932886,3.22147651,7.384615385,3.73E+00
0.041666667,0.83,0.8,4.583333333,3.666666667,7.552238806,1.541109527
0.022222222,0.9,0.74,3.946488294,2.040133779,7.01754386,7.561492967
0.025,0.895,0.75,2.101190476,1.550595238,6.428571429,5.241177083
0.025,0.885,0.734,2.8,2,6.25,3.726406992
0.038888889,0.865,0.8,2.704918033,2.344262295,9.090909091,1.516202636
0.038888889,0.865,0.8,2.704918033,2.344262295,9.259259259,1.488635315
0.038888889,0.855,0.775,3.180327869,2.590163934,7.5,1.48E+00
0.033333333,0.855,0.715,4.511111111,4.511111111,7.826086957,1.12E+00
0.027777778,0.908,0.896,2.9,1.9,6.956521739,7.454356479
0.044444444,0.785,0.54,2.6,1.641666667,3.863636364,1.486053867
0.016666667,0.92,0.71,3.063063063,1.801801802,6.666666667,5.659706376
0.034166667,0.876,0.66,3.747787611,2.694690265,6.901234568,3.731225696
0.033333333,0.88,0.66,3.747787611,2.694690265,6.901234568,3.748263256
0.027777778,0.895,0.81,2.199115044,1.800884956,6.923076923,5.256151875
0.027777778,0.9,0.91,4.266666667,2.2,7.304347826,7.504127444
0.033333333,0.9,0.68,3.155555556,1.866666667,6.626666667,3.657052075
0.033333333,0.84,0.69,2.85,1.666666667,5.159235669,7.250141592
0.020833333,0.9,0.82,2.857142857,2.142857143,7.112244898,5.76236676
0.041666667,0.87,0.82,3.283333333,2.933333333,7.081967213,1.507486956
0.020833333,0.91,0.9,4.285714286,2.410714286,8.955223881,5.464962378
0.016666667,0.92,0.78,3.333333333,1.846846847,7.179487179,5.574494673
0.013888889,0.91,0.902,2.2,1.1,6.329113924,8.99E+01
0.022222222,0.9,0.84,2.933333333,1.822222222,6.076923077,5.481275698
0.019444444,0.91,0.875,2.2,1.3,6.153846154,71.71556369
0.019444444,0.91,0.875,2.2,1.2,6.134969325,8.99E+01
0.041666667,0.88,0.78,3.1,2.3,6.293706294,7.82E+00
0.041666667,0.9,0.78,3.1,2.3,6.293706294,8.00E+00
0.022222222,0.895,0.78,2.8,2.088888889,12,5.56E+00
0.033333333,0.9,0.66,3.377777778,2.577777778,6.75,3.79E+00
0.033333333,0.9,0.68,3.392070485,2.246696035,7.012987013,3.754573464
0.038888889,0.84,0.815,3.406593407,2.747252747,14.88372093,2.345437202
0.041666667,0.88,0.93,4.380530973,3.982300885,8.837209302,5.607671067
0.041666667,0.89,0.97,4.504347826,3.495652174,9.746987952,5.71E+00
0.041666667,0.88,0.91,4.380530973,3.008849558,8.636363636,5.61E+00
0.022222222,0.9,0.75,3.466666667,2.15,6.545454545,7.39E+00
0.033333333,0.84,0.75,4.6,4.083333333,8.333333333,1.505844972
0.025,0.897,0.76,2.299703264,1.801186944,6.019417476,5.594505679
0.030555556,0.865,0.756,4.5,3.916666667,8.620689655,1.51E+00
0.022222222,0.92,0.84,3.125,2.455357143,6.88172043,5.726226481
0.022222222,0.9,0.78,3.688888889,1.555555556,5.858585859,5.54E+00
0.0125,0.95,0.86,2.341485507,1.601449275,6.645962733,182.2630137
0.027777778,0.895,0.84,3.799352751,3.501618123,8.096774194,7.427496667
0.029166667,0.865,0.71,3.2,2.155555556,7.8125,1.565823813
0.041666667,0.83,0.9,3.066666667,1.866666667,6.885245902,7.26E+00
0.033333333,0.865,0.68,2.5,1.647058824,8.333333333,1.124746683
0.033333333,0.865,0.68,2.5,1.647058824,8.421052632,1.113030571
0.041666667,0.84,0.92,4.298245614,3.245614035,9.855555556,5.541509497
0.041666667,0.8,0.88,3.733333333,2.977777778,7.75,2.243629334
0.041666667,0.86,0.9,3.644444444,2.8,7.142857143,11.33148342
0.027777778,0.9,0.92,4.910714286,4.285714286,10.35714286,5.541509497
0.027777778,0.91,0.95,4.035087719,3.157894737,9.375,5.51E+00
0.022222222,0.895,0.76,3.671171171,1.833333333,7.117647059,5.527837381
0.041666667,0.89,0.94,5.663716814,4.513274336,11.05882353,5.665721789
0.025,0.88,0.79,2.511111111,2.4,5.428571429,7.754543886
0.020833333,0.93,0.84,2,1.05,6.077586207,251.1312937
0.027777778,0.895,0.792,2.5,1.8,6.060606061,7.454879143
0.022222222,0.92,0.78,3.918918919,1.959459459,7.295238095,7.50E+00
0.041666667,0.86,0.85,3.555555556,2.6,6.494845361,5.649468224
0.033333333,0.8,0.7,3.488888889,2.822222222,6,2.23E+00
0.022222222,0.9,0.74,3.946488294,2.040133779,7.01754386,7.56E+00
0.025,0.895,0.78,2.051224944,1.550111359,6.090225564,7.397547083
0.041666667,0.89,0.92,3.311258278,1.854304636,5.775862069,7.567532282
0.033333333,0.825,0.79,3.966666667,3.333333333,7.209302326,2.232893217
0.033333333,0.825,0.79,3.966666667,3.333333333,7.209302326,2.232893217
0.022222222,0.92,0.79,3.955555556,1.866666667,6.288659794,5.617008899
0.005555556,0.95,0.89,2.418256131,1.001362398,6.903225806,1.82E+02
0.036111111,0.88,0.8,5.516129032,4.516129032,7.192307692,2.92E+00
0.027777778,0.89,0.9,5.467741935,4.967741935,10.5,3.063318915
0.027777778,0.885,0.8,1.964285714,1.446428571,7.078651685,5.020439332
0.022222222,0.88,0.78,3.97309417,1.843049327,7.398058252,5.632911897
0.020833333,0.9,0.72,3.116591928,1.713004484,5.979166667,7.43E+00
0.0125,0.95,0.86,2.24,1.513207547,6.233766234,217.9231685
0.027777778,0.875,0.88,2.8,2.155555556,8,2.453969584
0.022222222,0.92,0.83,4.033333333,1.866666667,7.28,7.604915481
0.016666667,0.91,0.84,3.401785714,3.200892857,8.601351351,11.26706671
0.025,0.898,0.772,2.498886414,1.899777283,5.925925926,7.46E+00
0.041666667,0.875,0.88,3.304347826,3,8.648648649,2.269921865
0.027777778,0.92,0.92,5.533333333,3.666666667,10.78651685,7.502294935
0.022222222,0.9,0.76,3.671171171,1.833333333,7.117647059,5.558719154
0.038888889,0.865,0.875,3.565217391,3.369565217,8.783783784,2.231230015
0.027777778,0.885,0.88,4.080357143,2.526785714,8.444444444,5.584533639
0.027777778,0.89,0.88,3.867256637,2.318584071,8.277777778,5.62E+00
0.027777778,0.885,0.901,2.796460177,1.902654867,7.045454545,5.590738677
0.033333333,0.9,0.63,3.786982249,2.455621302,6.85483871,5.601743296
0.027777778,0.895,0.84,3.902631579,3.602631579,8.3,9.583866667
0.033333333,0.825,0.755,3.822222222,3.277777778,6.888888889,2.23E+00
0.041666667,0.88,0.79,3.666666667,2.5,8.296296296,7.47759589
0.027777778,0.9,0.79,3.666666667,2.5,8.296296296,7.65E+00
0.025,0.895,0.835,2.466666667,1.833333333,11.04,7.442828001
0.016666667,0.92,0.71,2.987987988,1.753753754,6.551401869,5.568630642
0.019444444,0.917,0.823,3.6,2.2,15.90425532,5.652173487
0.022222222,0.865,0.775,3.522222222,2.2,7.619047619,2.243290718
0.019444444,0.885,0.86,3.181818182,1.954545455,12.31578947,5.76081311
0.016666667,0.92,0.81,4.684684685,2.297297297,8.191489362,5.581091708
0.016666667,0.91,0.84,3.764172336,2.015873016,7.291666667,10.9625514
0.041666667,0.86,0.9,4.4,3.533333333,8.983050847,7.27681656
0.041666667,0.88,0.91,4.34,3.453333333,8.67768595,7.72E+00
0.019444444,0.9,0.8,3.828828829,2.837837838,8.265306122,5.621821229
0.041666667,0.8,0.87,3.652173913,3.086956522,7.813186813,2.194023399
0.036111111,0.885,0.82,2.989010989,2.791208791,8.333333333,2.254966992
0.022222222,0.9,0.79,3.691275168,2.651006711,7.037037037,7.65E+00
0.005555556,0.95,0.89,2.285227273,0.939772727,6.47696477,2.16E+02
0.005555556,0.954,0.89,2.285227273,0.939772727,6.47696477,2.17E+02
0.027777778,0.885,0.83,2.5,2.155555556,8.421052632,2.22E+00
0.027777778,0.885,0.83,2.5,2.155555556,8.533333333,2.19E+00
0.027777778,0.9,0.91,4.266666667,2.2,7.304347826,7.504127444
0.020833333,0.895,0.775,2.700223714,2.246085011,11.91176471,7.52E+00
0.016666667,0.92,0.7,2.934131737,1.517964072,6.181818182,5.64E+00
0.005555556,0.95,0.91,2.91280654,1.108991826,6.967741935,185.6723825
0.027777778,0.895,0.91,4.266666667,2.2,7.304347826,7.46E+00
0.027777778,0.9,0.91,4.266666667,2.2,7.304347826,7.504127444
0.027777778,0.9,0.89,3.466666667,1.866666667,7.083333333,7.66E+00
0.020833333,0.92,0.89,3.866071429,1.674107143,6.52173913,11.2534424
0.029166667,0.875,0.66,2.4,1.6,7.692307692,1.495387715
0.029166667,0.875,0.66,2.4,1.6,7.8125,1.47238175
0.022222222,0.865,0.83,2.311111111,1.6,8.205128205,2.230885424
0.022222222,0.865,0.83,2.311111111,1.6,8.258064516,2.216584876
0.016666667,0.917,0.875,2.1,1.2,6.18556701,107.8449311
0.033333333,0.875,0.755,2.8,2,7.272727273,2.315933795
0.013888889,0.895,0.88,3.605381166,2.807174888,6.572463768,10.82463512
0.041666667,0.87,0.93,4.666666667,3.866666667,8.620689655,7.477882718
0.041666667,0.83,0.82,3.815217391,3.717391304,8.404255319,2.22E+00
0.041666667,0.84,0.82,4.555555556,3.444444444,8.617021277,2.242908801
0.033333333,0.9,0.9,4.94,2.806666667,8.551724138,7.49E+00
0.022222222,0.9,0.76,3.333333333,1.784511785,6.014705882,7.41E+00
0.022222222,0.9,0.87,3.087248322,1.711409396,6.416666667,7.486200718
0.020833333,0.91,0.9,4.285714286,2.410714286,8.720930233,5.611782263
0.016666667,0.917,0.81,4.684684685,2.297297297,7.857142857,5.80E+00
0.016666667,0.92,0.81,4.684684685,2.297297297,8.191489362,5.581091708
0.016666667,0.917,0.81,4.684684685,2.297297297,9.625,5.91797074
0.016666667,0.917,0.78,3.333333333,1.846846847,7.216494845,5.52782304
0.016666667,0.92,0.71,2.987987988,1.753753754,6.551401869,5.568630642
0.015,0.92,0.78,3.333333333,1.846846847,7.216494845,5.55E+00
0.023888889,0.91,0.88,6.071428571,3.303571429,8.426966292,5.678485618
0.020833333,0.91,0.88,6.071428571,3.303571429,8.426966292,5.678485618
0.020833333,0.91,0.9,4.285714286,2.410714286,8.720930233,5.611782263
0.016666667,0.91,0.855,3.063063063,2.099099099,7.377777778,5.58E+00
0.025,0.88,0.84,3.533333333,2.533333333,7.244094488,7.48E+00
0.022222222,0.875,0.783,3.644444444,2.588888889,7.804878049,2.23806209
0.027777778,0.895,0.88,2.053333333,1.4,6.806722689,7.467429445
0.019444444,0.92,0.82,3.707865169,1.775280899,6.689189189,11.11966919
0.022222222,0.895,0.77,3.2,2.288888889,6.862745098,5.600572083
0.016666667,0.875,0.783,3.8,2.488888889,7.804878049,2.23806209
0.027777778,0.92,0.9,5.466666667,2.533333333,8.672566372,7.454649681
0.025833333,0.918,0.9,5.466666667,2.533333333,8.672566372,7.438443921
0.022222222,0.9,0.75,3.466666667,2.15,6.428571429,7.529224861
0.025,0.895,0.872,2.9,2,15.75,7.46E+00
0.019444444,0.93,0.86,3.834080717,2.228699552,6.666666667,1.12E+01
0.0125,0.95,0.86,2.354692557,1.664724919,6.666666667,254.7153918
0.0075,0.95,0.86,2.354692557,1.664724919,6.666666667,2.55E+02
0.019444444,0.91,0.85,3.822222222,2.16,7.879120879,5.60815708
0.018055556,0.895,0.87,2.933333333,1.866666667,12.5,7.444610714
0.016666667,0.917,0.875,2.1,1.15,6.153846154,144.5344437
0.005555556,0.95,0.89,2.153846154,0.935735151,6.165898618,254.2283391
0.016666667,0.91,0.84,3.400981997,3.199672668,8.2,1.45E+01
0.015277778,0.91,0.88,3.6,2.8,6.388297872,1.50E+01
0.022222222,0.902,0.8,3.93258427,2.528089888,8,2.299720067
0.029166667,0.885,0.73,2.296296296,1.548148148,7.441860465,2.213365037
0.029166667,0.885,0.73,2.296296296,1.548148148,7.529411765,2.187628234
0.016666667,0.92,0.72,3.243243243,1.689189189,6.549295775,7.494231892
0.041666667,0.86,0.9,3.644444444,2.8,7.119565217,11.3469004
0.016666667,0.902,0.765,2.371364653,1.767337808,11.85185185,7.421987186
0.027777778,0.91,0.872,2.7,2,6.384180791,11.19050286
0.025,0.91,0.834,2.700296736,1.900593472,6.108108108,11.18658767
0.027777778,0.93,0.785,2.3,1.25,5.774647887,179.5566843
0.016666667,0.93,0.825,2.30000899,1.30000899,6.065088757,179.6694408
0.011111111,0.93,0.885,2.499864388,1.199891511,6.52866242,179.0508908
0.006944444,0.93,0.902,2.500136203,1.099972759,6.634304207,179.5843902
0.022222222,0.92,0.78,3.918918919,1.959459459,7.328244275,7.489833868
0.019444444,0.92,0.87,2.222222222,1.666666667,5.274725275,11.60638378
0.033333333,0.9,0.63,3.786982249,2.455621302,6.85483871,5.601743296
0.019444444,0.92,0.82,3.707865169,1.775280899,6.689189189,11.11966919
0.016666667,0.93,0.81,3.133433283,2.968515742,7.066666667,11.25350216
0.027777778,0.902,0.844,2.788888889,2.34,6.216216216,11.2211966
0.022222222,0.92,0.84,3.666666667,3.166666667,7.92,7.696540969
0.011111111,0.926,0.902,2.600271003,2,6.5,18.63348185
0.019444444,0.917,0.793,3.020134228,1.677852349,14.0625,7.416021013
0.044444444,0.785,0.57,2.955555556,2.155555556,4.507936508,2.25E+00
0.027777778,0.825,0.87,2.8,1.8,6.560606061,3.77E+00
0.020833333,0.9,0.72,3.116591928,1.713004484,5.979166667,7.434571748
0.016666667,0.9,0.74,2.651685393,1.505617978,5.971631206,7.48E+00
0.022222222,0.91,0.76,3.617977528,2.074157303,7.407407407,1.12E+01
0.022222222,0.895,0.74,3.946488294,2.040133779,7.042253521,7.49E+00
0.022222222,0.9,0.74,3.946488294,2.040133779,7.042253521,7.534961413
0.016666667,0.9,0.76,3.694915254,2.298305085,7.051851852,7.36E+00
0.025,0.875,0.897,2.746666667,1.8,7.5,3.752063722
0.022222222,0.917,0.83,4.033333333,1.866666667,7.28,7.58E+00
0.022222222,0.92,0.83,4.033333333,1.866666667,7.28,7.604915481
0.017222222,0.92,0.83,4.033333333,1.866666667,7.28,7.604915481
0.016666667,0.92,0.76,5.377777778,2.488888889,9.00990099,5.62653795
0.022222222,0.9,0.8,3.622222222,2.444444444,8.205128205,11.18627694
0.013888889,0.924,0.875,2.1,1.1,6.292834891,179.8066192
0.027777778,0.865,0.894,2.648888889,2.12,6.666666667,11.0903331
0.022222222,0.91,0.8,3.266666667,1.733333333,6.732026144,11.09305796
0.022222222,0.91,0.78,3.288888889,1.8,6.568627451,11.53678028
0.005555556,0.95,0.89,2.264906303,1.066439523,6.46,2.93E+02
0.005555556,0.954,0.89,2.264906303,1.066439523,6.46,294.1230117
0.016666667,0.91,0.84,3.401785714,3.200892857,8.6,1.95E+01
0.041666667,0.9,0.91,5,2.681415929,8.970588235,11.09305796
0.016666667,0.92,0.71,2.972972973,1.572072072,6.464788732,7.390145338
0.0125,0.917,0.902,2.1,1.05,6.425702811,142.690756
0.033333333,0.88,0.73,3,1.5,5.890410959,11.20903193
0.016666667,0.9,0.6,3.787528868,2.424942263,6.235294118,7.31E+00
0.011111111,0.926,0.905,2.5,1.899548533,6.417910448,2.24E+01
0.022222222,0.91,0.84,3.490725126,1.939291737,6.943005181,1.47E+01
0.016666667,0.92,0.72,3.243243243,1.689189189,6.549295775,7.49E+00
0.038888889,0.875,0.905,3,2.197368421,7.540983607,3.85E+00
0.038888889,0.875,0.85,3.107438017,2.909090909,8.5,2.96E+00
0.027777778,0.92,0.92,5.533333333,3.666666667,10.81081081,7.49E+00
0.033333333,0.84,0.795,3.34,3.073333333,6.571428571,3.724456564
0.0125,0.954,0.86,2.435127479,1.669121813,6.843137255,289.892928
0.008333333,0.95,0.86,2.435127479,1.669121813,6.843137255,288.677444
0.041666667,0.9,0.91,3.628318584,2.123893805,7.209302326,11.22356453
0.006111111,0.95,0.91,2.763636364,1.163636364,7.222222222,2.16E+02
0.033333333,0.885,0.86,2.753333333,2.153333333,7.301587302,3.82E+00
0.0125,0.917,0.714,2.338530067,1.853006682,11.03448276,7.56E+00
0.022222222,0.91,0.85,3.411371237,1.622073579,6.321243523,1.49E+01
0.027777778,0.91,0.85,2.049217002,1.648769575,6.373626374,11.21631416
0.025,0.902,0.83,2.050520059,1.450222883,6.338797814,10.91576503
0.022222222,0.895,0.805,3,2.1,6.923076923,7.462437847
0.019444444,0.92,0.85,3.8,1.933333333,7.25,7.476639798
0.022222222,0.9,0.81,2.911111111,1.733333333,6.01010101,11.50035317
0.020833333,0.905,0.907,2.799107143,1.901785714,6.608187135,11.18331186
0.020833333,0.9,0.73,2.786144578,1.807228916,5.734597156,11.04501434
0.005555556,0.95,0.89,2.111363636,0.94469697,5.931899642,326.8650074
0.025,0.91,0.857,2.5,1.799554566,5.75,14.91255007
0.016666667,0.945,0.845,2.3,2,6.126760563,45.17158455
0.041666667,0.87,0.93,4.385964912,3.289473684,10.41666667,10.83003704
0.027777778,0.89,0.92,5.177777778,3.555555556,9.435897436,2.212396994
0.022222222,0.9,0.77,3.444444444,2.444444444,7.802197802,2.184566402
0.022222222,0.9,0.77,3.444444444,2.444444444,7.872340426,2.256585074
0.022222222,0.89,0.75,3.688888889,2.177777778,6.523809524,11.16835021
0.022222222,0.9,0.84,2.977777778,1.6,5.945945946,11.14325279
0.016666667,0.93,0.847,2.499719259,1.900056148,6.021052632,2.98E+01
0.022222222,0.91,0.84,2.916666667,1.583333333,6.111111111,15.07350817
0.015277778,0.917,0.882,3.445945946,2.162162162,15.47008547,7.539494723
0.030555556,0.84,0.864,4.066666667,3.466666667,18.70967742,3.59E+00
0.022222222,0.88,0.85,2.488888889,2.111111111,5.531914894,1.12E+01
0.005555556,0.95,0.91,2.088586031,1.160136286,6.916666667,287.4927212
0.005555556,0.954,0.91,2.088586031,1.160136286,6.916666667,288.7032169
0.025,0.902,0.79,2.794444444,1.894444444,6.603773585,3.009039976
0.022222222,0.875,0.81,3.32,2.166666667,6.96969697,3.726966306
0.027777778,0.92,0.92,5.533333333,3.666666667,10.81081081,7.485435845
0.027777778,0.92,0.92,5.533333333,3.666666667,10.81081081,7.485435845
0.019444444,0.93,0.85,3.417508418,1.936026936,6.878306878,1.49E+01
0.034722222,0.885,0.895,3.933333333,3.433333333,9.574468085,2.966078378
0.027777778,0.91,0.894,2.5,1.9,6,14.90819986
0.020833333,0.924,0.84,2,1.1,6.06006006,1.79E+02
0.016666667,0.938,0.88,2.09992515,1.699850299,6.323529412,4.47E+01
0.022222222,0.9,0.81,2.911111111,1.733333333,6.01010101,1.15E+01
0.022222222,0.88,0.79,3.2,1.622222222,6.281407035,1.10E+01
0.022222222,0.9,0.79,3.2,1.622222222,6.281407035,1.13E+01
0.033333333,0.83,0.8,2.66,1.84,5.913043478,3.70E+00
0.020833333,0.9,0.79,2.949101796,2.799401198,6.588832487,1.12E+01
0.005555556,0.96,0.9,2.063394683,1.064076346,6.465661642,3.57E+02
0.033333333,0.9,0.84,1.985507246,1.695652174,5.287958115,1.15E+01
0.016666667,0.92,0.78,4.463087248,2.38590604,8.153846154,7.43E+00
0.013888889,0.895,0.88,3.605381166,2.807174888,6.554913295,1.88E+01
0.016666667,0.902,0.76,2.75,1.950598802,5.658536585,1.12E+01
0.016666667,0.93,0.81,3.133433283,2.968515742,7.058823529,1.12E+01
0.022222222,0.902,0.835,3,2.3,7.419354839,3.72E+00
0.022222222,0.895,0.86,2.146666667,1.493333333,7.510204082,3.76E+00
0.022222222,0.895,0.86,2.146666667,1.493333333,7.540983607,3.74E+00
0.019444444,0.93,0.84,3.305084746,1.93220339,7.263157895,14.78237814
0.013888889,0.93,0.885,2,1.05,6.436507937,2.16E+02
0.019444444,0.93,0.84,3.305084746,1.93220339,7.263157895,14.78237814
0.027777778,0.917,0.855,2.64,2.35,6.145833333,14.99219254
0.027777778,0.875,0.823,3.166666667,2.22,7.076923077,3.73E+00
0.022222222,0.91,0.84,3.262910798,1.854460094,6.647398844,1.05E+01
0.016666667,0.924,0.83,3.397877984,3.198938992,8.8,17.56735476
0.027777778,0.895,0.87,2.57,2.17,6.145833333,14.88922143
0.019444444,0.92,0.82,3.69955157,1.773542601,6.643243243,11.11966919
0.0125,0.924,0.91,2.1,1,6.516129032,1.81E+02
0.020833333,0.92,0.89,3.866071429,1.674107143,6.511627907,11.22082373
0.016666667,0.92,0.89,4.697986577,1.812080537,7.747252747,14.8414965
0.027777778,0.87,0.93,4.385964912,3.289473684,9.821428571,10.83003704
0.020833333,0.92,0.89,3.866071429,1.674107143,6.511627907,1.12E+01
0.022222222,0.902,0.87,2.888888889,1.933333333,12.88888889,11.25425508
0.019444444,0.93,0.86,3.834080717,2.228699552,6.666666667,11.27906567
0.020833333,0.9,0.73,2.904191617,1.736526946,5.938967136,11.14970641
0.027777778,0.895,0.865,2.253333333,1.853333333,7.510204082,3.778015148
0.027777778,0.895,0.865,2.253333333,1.853333333,7.540983607,3.762594678
0.016666667,0.93,0.867,2.300089847,1.800089847,6.172413793,37.26048458
0.020833333,0.902,0.803,3.014925373,2.462686567,14.22680412,11.19546849
0.025,0.902,0.84,2.050167224,1.400222965,5.870445344,14.91080999
0.020833333,0.902,0.9,2.049107143,1.348214286,6.705202312,1.12E+01
0.015277778,0.91,0.88,3.6,2.8,6.404255319,2.59E+01
0.019444444,0.92,0.82,3.69955157,1.773542601,6.643243243,1.11E+01
0.0375,0.885,0.77,2.599118943,2,6.478873239,3.85E+00
0.022222222,0.92,0.84,2.949061662,1.662198391,6.18852459,1.88E+01
0.016666667,0.91,0.84,3.400981997,3.199672668,8.2,25.29330699
0.022222222,0.91,0.76,3.617977528,2.074157303,7.413793103,1.12E+01
0.017222222,0.913,0.76,3.617977528,2.074157303,7.413793103,1.12E+01
0.033333333,0.89,0.71,2.495652174,1.469565217,5.123674912,14.24797846
0.016666667,0.91,0.8,2.808988764,2.134831461,11.79487179,1.13E+01
0.016666667,0.9,0.74,3.686567164,3.179104478,7.109004739,1.12E+01
0.029166667,0.895,0.805,2.151111111,1.502222222,6.814814815,3.874727344
0.029166667,0.895,0.805,2.151111111,1.502222222,6.865671642,3.85E+00
0.016666667,0.93,0.81,3.133433283,2.968515742,7.058823529,11.22349282
0.025,0.885,0.91,3.902597403,3.402597403,6.609090909,7.058230016
0.023611111,0.9,0.89,4.237288136,1.728813559,6.896551724,14.80604142
0.013888889,0.92,0.83,3.091397849,1.680107527,6.097560976,18.70809208
0.030555556,0.895,0.85,2.891566265,1.993975904,7.720588235,4.121633135
0.020833333,0.93,0.84,2,1.1,6.113065327,215.4100321
0.020833333,0.9,0.8,2.847533632,2.83632287,6.426356589,1.48E+01
0.013888889,0.91,0.87,3.598404255,2.79787234,7.113043478,1.81E+01
0.041666667,0.9,0.91,5,2.681415929,8.941176471,11.09305796
0.016666667,0.92,0.77,3.138138138,2.807807808,6.616161616,11.17537749
0.008333333,0.95,0.75,2.077078086,0.839798489,4.217585693,331.2287362
0.022222222,0.91,0.8,3.266666667,1.733333333,6.789473684,11.02055431
0.022222222,0.91,0.8,3.266666667,1.733333333,6.789473684,11.02055431
0.036111111,0.902,0.92,3.602409639,3.301204819,9.677419355,4.09925102
0.022222222,0.92,0.82,3.55,1.883333333,6.972111554,15.08668631
0.022222222,0.91,0.85,3.411371237,1.630434783,6.307053942,14.85237205
0.016666667,0.924,0.84,3.400669643,3.200892857,8.6,22.41701215
0.027777778,0.91,0.85,2.050167224,1.550167224,5.991735537,14.91400015
0.020833333,0.9,0.87,3.143812709,1.431438127,6.40167364,14.91001643
0.019444444,0.91,0.84,2.849775785,2.600896861,12.62295082,11.14526059
0.041666667,0.86,0.86,4.066666667,3.466666667,8.4,3.843074332
0.022222222,0.91,0.855,2.719839142,2.139410188,6.333333333,18.59718541
0.022222222,0.89,0.81,2.6,1.626666667,5.49689441,18.49478795
0.019444444,0.92,0.9,3.355555556,2.066666667,7.705882353,1.12E+01
0.041666667,0.9,0.9,4.5,3.133333333,8.967391304,14.84332901
0.041666667,0.84,0.908,2.794642857,2.5,6.902173913,5.59076736
0.020833333,0.92,0.89,3.777777778,2.755555556,8.313953488,1.12E+01
0.020833333,0.91,0.91,2.798657718,1.798657718,6.371681416,1.49E+01
0.022222222,0.91,0.85,3.411371237,1.630434783,6.307053942,1.49E+01
0.022222222,0.91,0.85,3.411371237,1.630434783,6.307053942,14.85237205
0.022222222,0.92,0.87,3.216216216,1.945945946,7.112068966,1.85E+01
0.020833333,0.91,0.72,2.586786114,1.679731243,5.849122807,1.49E+01
0.025,0.92,0.9,3.846153846,1.655518395,6.407079646,14.90929936
0.025,0.875,0.89,3.813333333,3.2,8.5,3.722783403
0.027777778,0.89,0.88,2.746666667,1.386666667,5.369127517,18.59548037
0.025,0.91,0.89,3.27077748,1.581769437,6.470588235,18.64866299
0.016666667,0.92,0.9,4.429530201,1.704697987,7.331858407,14.90929936
0.013888889,0.936,0.885,2,1.05,6.453089245,250.7963289
0.033333333,0.89,0.83,2.320441989,1.889502762,5.731225296,14.89042451
0.020833333,0.9,0.8,2.847533632,2.83632287,6.426356589,14.80030487
0.027777778,0.9,0.8,3.4,2.466666667,7.666666667,3.74E+00
0.025,0.91,0.89,3.27077748,1.581769437,6.470588235,18.64866299
0.011111111,0.93,0.91,2.1,1,6.657534247,214.0118514
0.016666667,0.902,0.808,2.696629213,2.134831461,6.653696498,1.49E+01
0.016666667,0.93,0.79,2.90990991,2.630630631,6.837944664,18.5122426
0.016666667,0.92,0.85,2.911111111,1.522222222,5.704467354,22.66356439
0.005555556,0.958,0.92,2.448228883,1.215258856,6.683333333,366.3744719
0.005555556,0.96,0.92,2.448228883,1.215258856,6.683333333,3.67E+02
0.020833333,0.9,0.87,3.143812709,1.431438127,6.40167364,14.91001643
0.022222222,0.92,0.84,3.131991051,1.957494407,6.793103448,2.23E+01
0.016666667,0.91,0.776,2.8,1.850561798,5.471698113,1.49E+01
0.027777778,0.9,0.8,3.866666667,2.733333333,8.322147651,3.716288213
0.019444444,0.93,0.91,3.602150538,2.043010753,8.318181818,1.85E+01
0.020833333,0.9,0.87,3.143812709,1.431438127,6.40167364,14.91001643
0.022222222,0.91,0.85,3.411371237,1.630434783,6.307053942,14.85237205
0.022222222,0.91,0.85,3.411371237,1.630434783,6.307053942,14.85237205
0.022222222,0.93,0.83,2.774049217,1.753914989,13.83783784,11.37761486
0.016666667,0.922,0.849,2.600179695,1.849955076,6.086956522,18.64782817
0.020833333,0.902,0.91,2.050167224,1.351170569,5.087719298,14.91080999
0.019444444,0.91,0.82,2.43697479,1.81512605,11.2,1.49E+01
0.022222222,0.92,0.82,2.916666667,1.583333333,6.048387097,14.90636735
0.033333333,0.87,0.8,3.68,3.511111111,8.591836735,5.434427188
0.022222222,0.91,0.85,3.411371237,1.630434783,6.307053942,14.85237205
0.022222222,0.91,0.85,3.411371237,1.630434783,6.307053942,14.85237205
0.041666667,0.885,0.895,3,2.605263158,7.055555556,5.68E+00
0.019444444,0.93,0.86,3.417508418,1.936026936,6.871794872,1.49E+01
0.025,0.91,0.91,4.557640751,2.201072386,8.008849558,1.86E+01
0.008333333,0.95,0.77,2.2676951,0.816696915,4.248985115,3.75E+02
0.008333333,0.954,0.77,2.2676951,0.816696915,4.248985115,3.76E+02
0.025,0.902,0.795,2.898785425,2,6.944444444,4.11E+00
0.041666667,0.855,0.893,2.771929825,2.228070175,6.902173913,5.60E+00
0.022222222,0.9,0.84,2.523489933,1.865771812,5.570032573,18.49177626
0.022222222,0.92,0.84,2.523489933,1.865771812,5.570032573,18.90270462
0.027777778,0.879,0.868,3.102222222,2.151111111,6.902173913,5.59E+00
0.020833333,0.9,0.89,4.338983051,1.725423729,6.896551724,14.80604142
0.025,0.885,0.887,2.598214286,1.598214286,6.460674157,5.56641211
0.016666667,0.93,0.79,2.861952862,2.716049383,6.6015625,14.98540429
0.025,0.9,0.87,2.945945946,1.513513514,5.751633987,19.08981183
0.013888889,0.917,0.885,2.738738739,2.306306306,13.29479769,11.18606062
0.0125,0.924,0.749,2.921686747,1.71686747,6.403940887,11.1935614
0.013888889,0.92,0.925,2.5,1.748648649,6.618181818,18.64578675
0.027777778,0.895,0.892,2.568888889,1.98,6.571428571,22.26252361
0.022222222,0.92,0.87,2.166666667,1.983333333,6.919831224,1.51E+01
0.016666667,0.94,0.82,2.878378378,1.594594595,6.404958678,18.57742617
0.029166667,0.895,0.805,2.376854599,2,6.35,5.740336806
0.019444444,0.93,0.84,3.344537815,1.949579832,7.326359833,14.87574053
0.013888889,0.922,0.923,2.79954955,1.70045045,6.515151515,2.24E+01
0.016666667,0.936,0.855,2,1.05,6.191119691,2.87E+02
0.016666667,0.924,0.83,3.397877984,3.198938992,8.8,30.66350225
0.022222222,0.91,0.877,2.620111732,2.040223464,6.285714286,22.25499439
0.019444444,0.93,0.84,3.344537815,1.949579832,7.326359833,14.87574053
0.025,0.91,0.855,2.75,2.299107143,6.902173913,5.703136858
0.025,0.91,0.88,3.02690583,1.692825112,6.321428571,2.23E+01
0.019444444,0.885,0.806,3.098654709,2,6.479591837,5.56958514
0.041666667,0.89,0.73,3.2,2.311111111,5.269230769,5.85162973
0.013888889,0.917,0.88,3.697986577,2.899328859,7.581481481,21.69922605
0.016666667,0.9,0.76,3.655555556,3.144444444,7.236363636,14.98674282
0.022222222,0.895,0.82,3.098214286,1.901785714,6.614583333,5.613407619
0.019444444,0.902,0.875,2.9,1.733333333,12.34042553,14.77749809
0.016666667,0.921,0.859,2.600299401,1.899700599,6.056338028,22.37688377
0.011111111,0.932,0.887,2.600338696,1.700254022,6.313465784,29.83707138
0.025,0.91,0.852,2.804674457,2.604340568,12.03319502,14.88731881
0.020833333,0.91,0.9,4.866666667,1.966666667,8.281938326,14.81249504
0.033333333,0.9,0.71,2.44,1.28,5.195530726,18.22646071
0.022222222,0.92,0.87,3.377777778,1.911111111,6.49122807,22.71853968
0.022222222,0.92,0.84,3.131991051,1.957494407,6.75900277,22.22761032
0.026388889,0.875,0.91,3.214285714,2.598214286,7.613636364,5.582780804
0.016666667,0.94,0.83,3.191011236,1.730337079,6.840277778,22.37829042
0.022222222,0.92,0.83,2.949061662,1.662198391,6.251633987,18.6168331
0.009722222,0.93,0.902,2,1,6.527777778,251.0694387
0.022222222,0.92,0.85,2.813333333,2.093333333,6.013289037,18.75390483
0.011111111,0.932,0.889,2.399728997,1.849593496,6.358792185,37.16588915
0.020833333,0.93,0.91,4.611260054,2.037533512,7.6,18.54280767
0.022222222,0.885,0.795,2.768888889,1.866666667,6,5.605687176
0.041666667,0.885,0.785,2.60058309,2.099125364,6.188118812,5.590527141
0.019444444,0.895,0.78,3.502222222,2.248888889,7.575757576,5.506444822
0.022222222,0.9,0.85,2.830508475,1.627118644,6.12244898,14.93296264
0.022222222,0.9,0.85,2.820945946,1.621621622,6.172839506,14.8110609
0.027777778,0.9,0.9,5.2,4.133333333,10.60150376,3.73E+00
0.025,0.9,0.92,3.081081081,1.432432432,6.535714286,1.85E+01
0.0125,0.924,0.75,2.595936795,1.602708804,12,1.49E+01
0.041666667,0.84,0.94,3.043478261,2.260869565,7.524752475,5.525214363
0.016666667,0.94,0.85,3.059617548,1.676040495,6.415770609,22.20135364
0.013888889,0.91,0.87,3.598404255,2.79787234,7.097222222,3.14E+01
0.009722222,0.936,0.905,2,1,6.558282209,2.87E+02
0.016666667,0.92,0.8,3.36036036,2.963963964,6.971608833,18.58897895
0.027777778,0.89,0.92,4.333333333,2.833333333,9.210526316,14.87411517
0.013888889,0.936,0.895,2,1,6.491902834,286.7123839
0.020833333,0.895,0.785,2.6,2.098507463,6.35,5.597719742
0.011111111,0.924,0.9,2.049731183,1.549731183,6.453900709,1.87E+01
0.022222222,0.93,0.92,3.803131991,2.058165548,8.244274809,22.32546634
0.025,0.91,0.91,4.557640751,2.201072386,8.021201413,18.67186416
0.025,0.91,0.9,3.786191537,1.734966592,6.920821114,2.23E+01
0.025,0.917,0.74,3.151335312,2.50148368,7.142857143,5.68E+00
0.016666667,0.924,0.84,3.400669643,3.200892857,8.6,3.91E+01
0.025,0.917,0.77,2.050445104,1.49851632,6.414141414,5.569468019
0.025,0.917,0.77,2.050445104,1.49851632,6.430379747,5.555403706
0.041666667,0.9,0.9,4.5,3.133333333,8.956521739,14.84332901
0.022222222,0.93,0.85,2.609715243,1.842546064,14.70833333,15.11581524
0.013888889,0.91,0.9,2.051075269,1.349462366,5.06993007,18.66243869
0.016666667,0.92,0.84,2.160714286,1.848214286,6.819672131,18.77955996
0.025,0.917,0.81,2.151111111,1.751111111,6.755319149,5.562892496
0.025,0.917,0.81,2.151111111,1.751111111,6.773333333,5.548097569
0.020833333,0.93,0.81,2.4,2.2,5.793650794,18.90588362
0.022222222,0.92,0.87,3.243243243,1.959459459,7.172413793,18.49368844
0.016666667,0.92,0.82,3.162162162,1.608108108,6.52733119,1.87E+01
0.027777778,0.884,0.86,2.73,2.18,6.585365854,7.450309023
0.016666667,0.924,0.805,2.617449664,2.013422819,11.55555556,18.66796012
0.022222222,0.9,0.82,2.444444444,1.833333333,5.186170213,22.10867247
0.022222222,0.92,0.82,2.444444444,1.833333333,5.186170213,22.5999763
0.013888889,0.93,0.822,2.621848739,1.831932773,13.14285714,14.92242173
0.041666667,0.862,0.913,2.769736842,2.592105263,13.61344538,7.461797584
0.022222222,0.91,0.845,3.397321429,2.794642857,9.065934066,5.58E+00
0.013888889,0.92,0.87,2.635135135,1.608108108,5.850340136,18.7487738
0.022222222,0.91,0.78,3.495535714,2.008928571,14.64646465,5.598731606
0.016666667,0.93,0.8,2.90990991,2.630630631,6.867088608,18.73175536
0.016666667,0.936,0.855,2,1,6.185886403,3.22E+02
0.020833333,0.895,0.713,3.101492537,2.8,6.590909091,5.59E+00
0.016666667,0.917,0.83,2.051029543,1.400179051,5.909090909,1.87E+01
0.011111111,0.924,0.9,2.05044843,1.55044843,6.458333333,22.26241207
0.066666667,0.888,0.815,2.5008,2.2,5.961538462,7.496048467
0.025,0.895,0.888,2.7,1.7,6.779661017,7.471993191
0.022222222,0.895,0.91,3.909574468,3.308510638,6.364285714,9.084706945
0.025,0.91,0.86,2.831460674,1.640449438,6.06557377,22.82124787
0.022222222,0.91,0.87,2.444444444,1.855555556,5.571428571,2.21E+01
0.020833333,0.92,0.81,2.891891892,2.792792793,7.070063694,1.86E+01
0.011111111,0.941,0.895,2,1,6.527687296,358.2627445
0.025,0.91,0.89,3.474387528,1.496659243,6.220930233,22.19771651
0.022222222,0.885,0.88,3.201342282,2.046979866,6.75,7.446044853
0.013888889,0.91,0.895,2.2,2,14.72027972,18.55875847
0.027777778,0.91,0.88,2.74916388,2.401337793,6.86440678,7.528778684
0.008333333,0.941,0.91,2,1,6.646766169,3.58E+02
0.025,0.91,0.91,4.557640751,2.201072386,8.021201413,1.87E+01
0.033333333,0.9,0.73,2.373626374,1.274725275,4.436936937,2.32E+01
0.013888889,0.924,0.885,2.75,2.547297297,12.60869565,1.50E+01
0.013888889,0.89,0.89,3.972972973,1.837837838,7.322033898,1.86E+01
0.020833333,0.895,0.8,2.501118568,2.149888143,6.106870229,7.47E+00
0.022222222,0.92,0.85,3.359462486,2.038073908,7.02247191,22.18069807
0.022222222,0.92,0.84,3.131991051,1.957494407,6.75900277,22.22761032
0.023611111,0.91,0.885,2.696629213,1.820224719,12.4,22.4580046
0.019444444,0.895,0.826,3,2,6.48,7.362605903
0.016666667,0.94,0.9,3.625632378,1.49915683,7.005649718,29.82648648
0.016666667,0.94,0.84,3.20754717,1.684636119,6.337837838,18.62161356
0.022222222,0.9,0.82,2.141666667,1.566666667,4.507874016,29.87022769
0.022222222,0.92,0.84,3.125,2.455357143,6.869158879,5.728903538
0.016666667,0.94,0.84,3.20754717,1.684636119,6.337837838,1.86E+01
0.016666667,0.93,0.83,2.714285714,1.638655462,5.87628866,2.98E+01
0.016666667,0.94,0.83,2.928475034,1.565452092,6.343333333,1.86E+01
0.025,0.902,0.805,2.700892857,2.399553571,6.136363636,7.64E+00
0.019444444,0.93,0.91,3.73655914,2.10483871,8.581818182,1.85E+01
0.041666667,0.83,0.9,3.066666667,1.866666667,6.868327402,7.271391777
0.016666667,0.917,0.884,2.669747899,2.3,6.494565217,29.70967434
0.016666667,0.92,0.85,2.422222222,1.792592593,5.906593407,22.67914072
0.025,0.91,0.91,3.378378378,1.531531532,6.666666667,22.16871505
0.013888889,0.92,0.85,3.054054054,1.540540541,6.366666667,1.87E+01
0.022222222,0.895,0.83,3.100671141,1.899328859,6.428571429,7.46E+00
0.019444444,0.93,0.91,3.73655914,2.10483871,8.581818182,18.54280767
0.019166667,0.93,0.91,3.73655914,2.10483871,8.581818182,18.54280767
0.013888889,0.93,0.85,3.262711864,1.838983051,6.861702128,29.60180485
0.015277778,0.93,0.899,2.8,1.874666667,12.76223776,1.91E+01
0.041666667,0.86,0.78,3.4,2.466666667,6.717325228,7.645036706
0.016666667,0.92,0.8,3.857142857,2.178571429,7.96875,1.88E+01
0.013888889,0.91,0.912,2.882882883,2.162162162,7.412790698,22.7464241
0.013888889,0.92,0.899,2.400337838,1.699324324,6.485260771,29.06059939
0.011111111,0.93,0.82,3.000823045,2.900411523,7.7,29.62032914
0.025,0.91,0.87,2.945945946,1.513513514,5.751633987,1.93E+01
0.011111111,0.936,0.882,2.299830604,1.800112931,6.323529412,4.47E+01
0.033333333,0.85,0.9,3.580645161,3.096774194,7.7,1.523771698
0.026388889,0.885,0.945,4.357142857,3.526785714,10.71428571,5.60E+00
0.022222222,0.924,0.82,2.569832402,2.011173184,11.72972973,22.33603116
0.013888889,0.91,0.91,2.049217002,1.348993289,5.368731563,22.36665
0.025,0.91,0.91,4.557640751,2.201072386,8.021201413,18.67186416
0.025,0.91,0.9,3.548387097,1.787634409,6.329824561,18.59718541
0.022222222,0.895,0.803,3.4,2.3,7.366412214,7.50115838
0.0125,0.924,0.87,2.902960526,2.401315789,6.192,30.02278413
0.020833333,0.902,0.87,3.302013423,2,6.86440678,7.377789441
0.016666667,0.93,0.8,2.90990991,2.630630631,6.867088608,18.73175536
0.016666667,0.93,0.8,2.90990991,2.630630631,6.867088608,18.73175536
0.020833333,0.936,0.8,2.4,2.2,5.723684211,22.67085459
0.025,0.917,0.88,2,1.648829431,6.86440678,7.59E+00
0.025,0.917,0.88,2,1.648829431,6.893617021,7.554545365
0.019444444,0.924,0.875,2.699159664,2.4,7.650862069,14.94467477
0.013888889,0.917,0.88,3.697986577,2.899328859,7.650746269,3.73E+01
0.022222222,0.936,0.8,2.299985633,1.199990422,5.888429752,2.51E+02
0.0125,0.936,0.85,2.500064491,1.300012898,6.263736264,250.7995713
0.008333333,0.936,0.855,2.5,1.299980571,6.506849315,242.8492087
0.005555556,0.936,0.902,2.399766219,1.099941555,6.627906977,251.5193839
0.013888889,0.93,0.85,2.831932773,1.43697479,6.447368421,29.91671767
0.022222222,0.92,0.84,3.03712036,2.159730034,7.234636872,22.04289333
0.022222222,0.92,0.84,3.03712036,2.159730034,7.234636872,2.20E+01
0.013888889,0.93,0.893,2.652370203,2.045146727,12.4556213,2.24E+01
0.016666667,0.93,0.8,3.104477612,2.679104478,7.026315789,22.5255286
0.041666667,0.88,0.82,3.333333333,2.233333333,7.62541806,7.474090219
0.013888889,0.9,0.86,2.786516854,1.617977528,6.527777778,22.2004573
0.025,0.917,0.775,2,1.498886414,6.171428571,7.431710941
0.025,0.917,0.775,2,1.498886414,6.183206107,7.42E+00
0.016666667,0.91,0.885,2.699831366,2.229342327,6.983695652,2.95E+01
0.013888889,0.92,0.83,2.889830508,1.355932203,5.882352941,3.00E+01
0.023611111,0.902,0.89,3,2.303571429,7.954545455,5.628564865
0.013888889,0.93,0.909,2.3,1.7,6.457831325,55.90406435
0.022222222,0.88,0.78,3.97309417,1.843049327,7.396624473,5.635289656
0.016666667,0.917,0.84,2.05,1.4,5.945205479,2.24E+01
0.011111111,0.93,0.85,2.799866578,2.299533022,7.8,3.78E+01
0.016666667,0.94,0.8,2.801801802,2.585585586,7.115384615,1.87E+01
0.020833333,0.91,0.9,2,1.401785714,7.134831461,5.81E+00
0.020833333,0.91,0.9,2,1.401785714,7.154929577,5.79E+00
0.016666667,0.94,0.83,3.191011236,1.730337079,6.833333333,22.37829042
0.025,0.92,0.89,3.160535117,1.906354515,7.105263158,29.74823035
0.033333333,0.92,0.8,3.911764706,1.617647059,7.692307692,22.86972174
0.016666667,0.945,0.88,2.6,2.4,6.359649123,37.7665919
0.025,0.91,0.89,3.199105145,1.89261745,6.426512968,22.39130124
0.025,0.91,0.9,3.161434978,1.764573991,6.705539359,22.38187577
0.030555556,0.902,0.88,2.5,2,6.75,7.589076223
0.013888889,0.926,0.919,2.5,1.8,6.509090909,3.73E+01
0.041666667,0.868,0.899,2.592105263,2.359649123,6.444444444,1.12E+01
0.008333333,0.93,0.763,2.352941176,1.746606335,5.678787879,1.87E+01
0.013888889,0.93,0.901,2.149774775,1.75,6.417910448,44.73021661
0.019444444,0.94,0.89,3.235955056,1.705617978,6.81547619,22.39626495
0.011111111,0.941,0.895,2,1,6.619047619,4.29E+02
0.019444444,0.936,0.88,2.3,2.1,6.304347826,30.18803269
0.022222222,0.93,0.92,3.959731544,2.134228188,8.541033435,2.24E+01
0.021388889,0.93,0.92,3.959731544,2.134228188,8.541033435,2.24E+01
0.013888889,0.9,0.91,2.68907563,1.277310924,5.543478261,30.01650978
0.0125,0.93,0.88,2.763586957,1.956521739,12.61267606,18.51835562
0.016666667,0.93,0.8,2.90990991,2.630630631,6.867088608,18.73175536
0.0125,0.917,0.88,2.701333333,2.301333333,6.604347826,3.70E+01
0.025,0.91,0.92,4.508928571,2.160714286,8.308605341,22.47903066
0.025,0.91,0.9,3.161434978,1.764573991,6.705539359,22.38187577
0.019444444,0.92,0.91,3.324324324,1.527027027,7.159090909,3.67E+01
0.019444444,0.92,0.89,2.900505902,1.537942664,6.914660832,29.8134677
0.016666667,0.941,0.865,2,0.9,6.376146789,4.30E+02
0.016666667,0.94,0.85,3.059617548,1.676040495,6.406876791,2.22E+01
0.013888889,0.95,0.86,3.025423729,1.508474576,7.038043478,29.94320939
0.022222222,0.917,0.816,3.258389262,2.201342282,6.48,7.452259451
0.016666667,0.92,0.81,4.684684685,2.297297297,8.194444444,5.575928811
0.016666667,0.936,0.825,2.2999705,1.14998525,5.970149254,286.7577774
0.0125,0.941,0.855,2.499943573,1.299966144,6.213592233,287.0672083
0.008333333,0.941,0.895,2.499957501,1.299957501,6.504065041,287.0769875
0.005555556,0.941,0.91,2.5,1.10006819,6.611570248,2.87E+02
0.020833333,0.92,0.83,2.917293233,2.759398496,7.181571816,22.4497105
0.016666667,0.93,0.8,3.104477612,2.679104478,7.026315789,22.5255286
0.019444444,0.93,0.82,2.859060403,1.812080537,6.158536585,3.74E+01
0.011111111,0.94,0.87,2.847457627,1.406779661,6.304347826,3.00E+01
0.011111111,0.941,0.888,2.5,1.850045167,6.380952381,5.59E+01
0.022222222,0.93,0.85,2.567567568,1.540540541,5.85106383,3.70E+01
0.013888889,0.95,0.86,3.169491525,1.728813559,6.756756757,3.01E+01
0.016666667,0.94,0.82,3.067669173,2.616541353,7.315068493,22.41573736
0.013888889,0.92,0.86,2.876404494,1.573033708,6.193181818,22.18949411
0.027777778,0.92,0.91,3.35,1.783333333,6.904231626,2.99E+01
0.016666667,0.93,0.84,2.462184874,1.411764706,5.152129817,3.07E+01
0.011111111,0.936,0.84,2.799780581,2.299506308,7.899130435,4.50E+01
0.016666667,0.93,0.85,2.04494382,1.4,6.11814346,2.99E+01
0.011111111,0.93,0.89,2.049747049,1.451939292,6.401766004,2.99E+01
0.006944444,0.945,0.917,2,0.949951315,6.753293413,5.01E+02
0.022222222,0.92,0.89,2.900505902,1.537942664,6.914660832,29.8134677
0.019444444,0.92,0.9,3.075630252,1.376470588,6.305309735,2.98E+01
0.026388889,0.895,0.898,3.102222222,2.048888889,6.628571429,11.20613576
0.008333333,0.936,0.78,2.196969697,1.613636364,10.62176166,22.45309507
0.011111111,0.945,0.902,2,1,6.626321974,502.560701
0.006944444,0.945,0.913,2,0.95,6.766342142,4.30E+02
0.026388889,0.902,0.89,2.593333333,2.1,6.837606838,7.483432832
0.016666667,0.93,0.87,3.333333333,1.564971751,7.019438445,29.84706636
0.016666667,0.93,0.785,2.605042017,1.722689076,11.06796117,3.00E+01
0.020833333,0.91,0.9,4.285714286,2.410714286,8.737373737,5.617456461
0.016666667,0.94,0.92,3.716216216,1.837837838,7.788018433,37.37953397
0.016666667,0.93,0.88,2.81981982,1.513513514,6.202090592,3.74E+01
0.033333333,0.9,0.73,2.226890756,1.386554622,4.869565217,3.01E+01
0.013888889,0.95,0.88,2.993288591,1.536912752,6.973684211,3.80E+01
0.020833333,0.924,0.815,2.5,2.299401198,6.170212766,1.13E+01
0.016666667,0.93,0.8,3.104477612,2.679104478,7.026315789,22.5255286
0.016666667,0.93,0.83,2.722689076,1.647058824,5.896907216,29.82780111
0.022222222,0.895,0.75,3.4,2.443333333,6.642857143,7.49E+00
0.033333333,0.91,0.79,2.5,1.583333333,5.877862595,3.75E+01
0.011111111,0.93,0.82,3.000823045,2.900411523,7.7,51.51889934
0.016666667,0.92,0.7,3.876404494,2.056179775,6.101694915,30.27306114
0.013888889,0.95,0.86,3.101123596,1.651685393,7,22.78287671
0.016666667,0.94,0.9,3.625632378,1.49915683,7.094594595,29.92759322
0.013888889,0.917,0.89,2.711864407,1.610169492,12.74725275,29.58620063
0.016666667,0.93,0.86,2.04988764,1.4,6.177474403,37.34199142
0.013888889,0.917,0.9,2.050590219,1.300168634,4.779735683,29.85287462
0.020833333,0.91,0.905,2,1.348993289,6.893617021,7.709856542
0.020833333,0.91,0.905,2,1.348993289,6.923076923,7.677048642
0.016666667,0.94,0.84,2.865168539,1.52247191,6.010452962,45.13853962
0.0125,0.93,0.82,3.242937853,1.768361582,7.209775967,29.83298791
0.041666667,0.86,0.9,3.644444444,2.8,7.115839243,11.34153797
0.013888889,0.93,0.85,2.831932773,1.43697479,6.329113924,29.85373511
0.016666667,0.941,0.85,2,2,6.196581197,29.82447869
0.016666667,0.941,0.85,2,2,6.203208556,29.79261493
0.022222222,0.92,0.78,3.918918919,1.959459459,7.342192691,7.48237635
0.016666667,0.93,0.865,2.90148448,2.601889339,8.075601375,18.65135997
0.0125,0.94,0.81,2.937853107,1.525423729,6.632860041,29.90737187
0.019444444,0.92,0.84,2.32885906,2.208053691,5.647840532,37.0665413
0.016666667,0.941,0.84,2.2,2.150282486,6.041666667,30.22933587
0.025,0.917,0.88,2.5,2,6.516853933,11.44433255
0.0125,0.924,0.87,2.902960526,2.401315789,6.129787234,52.09100985
0.033333333,0.85,0.9,3.580645161,3.096774194,7.692307692,1.584722566
0.005555556,0.95,0.917,2,0.95,6.802313354,573.9764536
0.013888889,0.94,0.89,3.189189189,1.32972973,6.392857143,93.31777064
0.016666667,0.936,0.845,2.29998127,1.149990635,6.112054329,3.23E+02
0.0125,0.941,0.855,2.499974921,1.299994984,6.196213425,323.856404
0.008333333,0.941,0.895,2.500037779,1.300037779,6.50994575,322.669866
0.004166667,0.941,0.91,2.4,1.049924127,6.605504587,323.3315891
0.022222222,0.9,0.8,3.622222222,2.444444444,7.973273942,11.1987477
0.020833333,0.917,0.805,2,1.399403875,6.105263158,11.17473611
0.020833333,0.917,0.805,2,1.399403875,6.105263158,11.17473611
0.019444444,0.93,0.85,2.831932773,1.43697479,6.329113924,29.85373511
0.020833333,0.92,0.9,3.22972973,1.472972973,6.388888889,37.99892227
0.013888889,0.9,0.9,3.22972973,1.472972973,6.388888889,37.17285874
0.022222222,0.91,0.86,2.56,1.446666667,5.61461794,37.53658802
0.016666667,0.917,0.87,2,1.30044843,6.581560284,11.20304739
0.016666667,0.917,0.87,2,1.30044843,6.590909091,11.18715654
0.022222222,0.92,0.83,4.033333333,1.866666667,7.256944444,7.618141421
0.019444444,0.91,0.843,2.69955157,2.399103139,6.338797814,11.18506509
0.019444444,0.91,0.843,2.69955157,2.399103139,6.775956284,11.18506509
0.011111111,0.93,0.85,2.799866578,2.299533022,7.8,65.39233116
0.0125,0.93,0.82,2.459108855,1.833051325,13.2,30.37982475
0.011111111,0.95,0.85,2.857627119,1.694915254,6.640625,74.11625539
0.011111111,0.93,0.89,2.050573163,1.451786918,6.156462585,38.77651193
0.016666667,0.94,0.9,3.367003367,2.087542088,7.159090909,29.65797526
0.011111111,0.94,0.86,2.925170068,1.496598639,6.275862069,37.35706581
0.016666667,0.941,0.85,2.30000281,1.100019667,6.31443299,430.0222122
0.0125,0.945,0.865,2.300015048,1.200022572,6.422018349,432.1087619
0.008333333,0.945,0.902,2.400011333,1.199977333,6.712328767,431.1037741
0.0125,0.94,0.8,2.790960452,1.451977401,6.3,29.95755077
0.022222222,0.902,0.89,2.799107143,2.098214286,6.628571429,11.19316877
0.016666667,0.941,0.845,2.299989886,1.099996629,6.221198157,358.6310929
0.0125,0.945,0.855,2.400009029,1.299972914,6.31825273,358.8199418
0.008333333,0.945,0.902,2.5,1.1999864,6.661184211,3.59E+02
0.004166667,0.945,0.917,2.400027315,1.049986343,6.783919598,3.58E+02
0.020833333,0.941,0.82,2,2,5.979381443,29.81698133
0.020833333,0.941,0.82,2,2,5.979381443,29.81698133
0.013888889,0.95,0.86,2.858108108,1.905405405,6.630434783,3.74E+01
0.013888889,0.9,0.86,3.811111111,1.822222222,6.160583942,4.22E+01
0.013888889,0.93,0.85,2.831932773,1.43697479,6.329113924,29.85373511
0.011111111,0.94,0.87,2.93220339,1.449152542,6.52173913,29.97252954
0.013888889,0.94,0.84,2.847457627,1.480225989,6.140350877,44.82398534
0.013888889,0.94,0.86,2.700564972,1.474576271,6.160458453,4.50E+01
0.013888889,0.92,0.82,3.114864865,1.621621622,6.5,37.26591837
0.022222222,0.92,0.87,3.614457831,1.914323963,6.27787307,37.1786909
0.019444444,0.94,0.89,3.54925776,1.337381916,6.292335116,37.39376381
0.019444444,0.95,0.89,3.54925776,1.337381916,6.292335116,3.78E+01
0.0125,0.94,0.81,2.937853107,1.525423729,6.632860041,2.99E+01
0.011111111,0.941,0.83,2.728813559,2.262711864,12.08333333,29.86946282
0.034722222,0.902,0.875,2.699115044,2.199115044,6.373626374,11.44470065
0.033333333,0.92,0.82,3.288515406,1.761904762,6.253333333,45.07973996
0.027777778,0.9,0.844,2.788888889,2.34,6.216216216,11.1963159
0.019444444,0.91,0.82,3,2.600896861,6.170212766,11.17716219
0.020833333,0.924,0.825,2.500561167,2.2996633,5.846774194,1.51E+01
0.0125,0.917,0.88,2.701333333,2.301333333,6.620869565,6.40E+01
0.016666667,0.93,0.83,2.797297297,1.63963964,6.901639344,37.51537872
0.013888889,0.95,0.84,3.025423729,1.508474576,6.823027719,2.98E+01
0.0125,0.936,0.88,2.859560068,2.098138748,14.47368421,29.92552806
0.008333333,0.95,0.8,2.598639456,1.25170068,5.949470253,7.43E+01
0.018055556,0.902,0.9,2.298657718,1.748322148,5.695652174,14.87631419
0.020833333,0.92,0.89,3.866071429,1.674107143,6.515151515,1.12E+01
0.019444444,0.93,0.84,3.141891892,2.013513514,6.421404682,37.22047212
0.019444444,0.93,0.81,2.859060403,1.812080537,6.229773463,37.09154311
0.016666667,0.94,0.85,2.802690583,1.807174888,6.585714286,5.57E+01
0.011111111,0.94,0.83,3.297297297,1.594594595,6.743421053,37.79444605
0.022222222,0.91,0.915,2.5,2,6.359649123,15.1257108
0.013888889,0.95,0.87,3.525423729,1.774011299,6.950092421,44.53163032
0.016666667,0.945,0.865,2,0.9,6.39229249,573.1245964
0.020833333,0.917,0.805,3.201492537,2.901492537,8.026315789,11.17473611
0.013888889,0.95,0.85,2.924324324,1.52972973,6.378006873,9.36E+01
0.0125,0.924,0.88,2.99890471,2.398685652,6.489285714,4.53E+01
0.027777778,0.892,0.88,3.4,1.377777778,6.944444444,11.25741018
0.008333333,0.95,0.902,2,0.9,6.675849403,646.5150532
0.022222222,0.9,0.82,2.888888889,2.444444444,7.209302326,10.99298007
0.016666667,0.941,0.915,2,1.249158249,6.666666667,2.98E+01
0.016666667,0.941,0.915,2,1.249158249,6.666666667,2.98E+01
0.027777778,0.9,0.89,3.04,1.36,5.034129693,37.39801842
0.0125,0.91,0.897,3,2,7.703488372,11.18615264
0.0125,0.94,0.81,3.167420814,1.714932127,6.683006536,37.12639267
0.027777778,0.92,0.92,5.533333333,3.666666667,10.82352941,7.48E+00
0.022222222,0.93,0.85,2.695945946,1.621621622,6.097972973,37.2856776
0.022222222,0.93,0.85,2.695945946,1.621621622,6.097972973,37.2856776
0.022222222,0.89,0.81,2.65,1.416666667,4.885245902,15.23335221
0.022222222,0.924,0.83,2,1.600446429,6.338797814,11.1820032
0.022222222,0.924,0.83,2,1.600446429,6.356164384,11.15145128
0.022222222,0.91,0.78,2.777777778,1.744444444,5.979381443,10.97125183
0.013888889,0.95,0.86,3.169491525,1.728813559,6.760259179,3.01E+01
0.0125,0.93,0.9,2.499153976,1.598984772,7.102908277,29.80927683
0.020833333,0.941,0.83,2,2,6.041666667,37.33682853
0.020833333,0.941,0.83,2,2,6.041666667,37.33682853
0.019444444,0.924,0.84,3,2.469798658,7.055555556,11.13120603
0.016666667,0.94,0.92,3.716216216,1.837837838,7.78597786,3.73E+01
0.025,0.924,0.88,2.400335008,2,6.223175966,15.09485771
0.019444444,0.93,0.835,3.369127517,1.812080537,7.333333333,3.71E+01
0.013888889,0.95,0.86,2.720867209,1.463414634,6.409537167,92.8239491
0.0125,0.941,0.86,2.5,1.899456522,6.196581197,3.77E+01
0.016666667,0.941,0.86,2,2,6.25,3.74E+01
0.016666667,0.941,0.86,2,2,6.25,37.39680737
0.020833333,0.93,0.81,2.394618834,2.35426009,6.376811594,37.27159915
0.019444444,0.93,0.82,2.5,1.9,11.77235772,37.36718445
0.020833333,0.924,0.805,2,1.350111857,5.742574257,14.96399978
0.020833333,0.924,0.805,2,1.350111857,5.753968254,14.9343681
0.0125,0.94,0.81,3.187969925,1.808270677,6.832214765,4.52E+01
0.008333333,0.941,0.78,2.386363636,1.693181818,11.37254902,29.82447869
0.020833333,0.92,0.9,3.58490566,1.657681941,7.267857143,36.94339665
0.011111111,0.94,0.86,2.88700565,1.395480226,6.327116212,44.8928877
0.016666667,0.917,0.925,2,1.2996633,6.196581197,15.81413292
0.016666667,0.917,0.925,2,1.2996633,6.203208556,1.58E+01
0.013888889,0.93,0.89,2.70045045,1.899774775,12.98507463,4.42E+01
0.011111111,0.936,0.84,2.799780581,2.299506308,7.9,7.80E+01
0.019444444,0.92,0.82,3.69955157,1.771300448,6.650943396,1.11E+01
0.016666667,0.945,0.865,2,0.9,6.371751412,501.2008575
0.0125,0.95,0.865,2,0.9,6.357652657,7.18E+02
0.013888889,0.95,0.85,2.993288591,1.536912752,6.723842196,37.50848689
0.019444444,0.93,0.86,3.834080717,2.228699552,6.674876847,11.2485892
0.0125,0.924,0.86,2.799729364,2.050067659,15.52136752,37.03776293
0.016666667,0.94,0.92,3.716216216,1.837837838,7.78597786,37.34508279
0.016666667,0.94,0.86,3.12406015,1.372180451,6.747503566,4.52E+01
0.0125,0.94,0.8,2.950226244,1.633484163,6.08974359,3.74E+01
0.022222222,0.902,0.84,2.639865997,2.380234506,5.870445344,1.49E+01
0.0125,0.94,0.81,3.167420814,1.714932127,6.683006536,3.71E+01
0.016666667,0.902,0.897,2.7003367,2.101010101,6.277056277,1.49E+01
0.041666667,0.84,0.815,2.695652174,2,5.666666667,1.15E+00
0.019444444,0.917,0.858,2.5,2.4,6.764705882,1.49E+01
0.013888889,0.94,0.87,3.04954955,1.599099099,6.573529412,5.54E+01
0.016666667,0.94,0.83,2.91011236,1.550561798,6.013888889,4.48E+01
0.016666667,0.936,0.87,2.053901244,1.402563136,7.25,3.89E+01
0.011111111,0.936,0.89,2.050140845,1.450140845,6.444444444,44.80103913
0.011111111,0.93,0.88,2.88700565,1.384180791,6.39941691,4.47E+01
0.016666667,0.93,0.84,2.886792453,1.547169811,6.941340782,4.46E+01
0.008333333,0.96,0.83,2.708333333,1.389492754,6.452494874,92.87784082
0.016666667,0.945,0.84,2.4,2.4,6.083916084,4.52E+01
0.015277778,0.91,0.875,2.699324324,1.898648649,7.170212766,1.49E+01
0.019444444,0.9,0.867,2.528619529,2.161616162,6.041666667,14.92077247
0.016666667,0.938,0.891,2.3,1.65,6.166666667,55.93431032
0.022222222,0.93,0.9,3.13549832,1.948488242,7.044776119,44.68057153
0.013888889,0.95,0.87,2.837837838,1.891891892,6.631578947,37.5349786
0.019444444,0.917,0.85,2.8,2.6,6.041666667,1.49E+01
0.027777778,0.91,0.855,2.64,2.35,6.041666667,1.49E+01
0.013888889,0.91,0.92,4.72972973,2.225225225,7.738095238,56.03081825
0.011111111,0.95,0.87,3.149321267,1.438914027,6.565064478,56.17076622
0.027777778,0.896,0.87,2.57,2.17,6.041666667,14.90585743
0.0125,0.95,0.82,2.773584906,1.483018868,6.251728907,44.87394115
0.016666667,0.941,0.915,2,1.2,6.651376147,3.74E+01
0.016666667,0.941,0.915,2,1.2,6.651376147,3.74E+01
0.013888889,0.95,0.91,3.035230352,1.463414634,6.829896907,187.0739095
0.0125,0.94,0.85,2.843373494,1.418674699,6.556442417,55.82964055
0.0125,0.95,0.865,2.399961307,1.199980653,6.440677966,503.8527139
0.008333333,0.95,0.902,2.500048572,1.200019429,6.737588652,502.2513636
0.016666667,0.917,0.89,2.67,1.95,5.347826087,14.95566186
0.013888889,0.936,0.83,2.683615819,2.118644068,12.08333333,44.56612731
0.013888889,0.95,0.85,2.993288591,1.536912752,6.723842196,37.50848689
0.011111111,0.95,0.89,3.194130926,1.422121896,6.731343284,45.13431688
0.020833333,0.89,0.86,3.283333333,1.51,6.543859649,15.11311324
0.011111111,0.95,0.86,3.141242938,1.570621469,6.47826087,44.91481408
0.016666667,0.941,0.845,2.3,2.15,6.092436975,37.69482723
0.013888889,0.94,0.85,2.630508475,1.491525424,5.811965812,74.4819606
0.013888889,0.93,0.9,3.096045198,1.525423729,6.850746269,44.68057153
0.0125,0.95,0.82,2.773584906,1.483018868,6.251728907,44.87394115
0.027777778,0.893,0.846,2.28,1.941333333,5.209677419,18.65958475
0.016666667,0.94,0.8,3.003003003,1.663663664,6.688034188,56.08053504
0.013888889,0.94,0.85,2.847457627,1.480225989,6.232294618,44.94381554
0.011111111,0.93,0.855,2.700564972,1.750282486,12.34042553,44.66389967
0.0125,0.93,0.91,2.401084011,1.601626016,7.05244123,37.28790052
0.020833333,0.924,0.915,2.800539084,2.401617251,6.517857143,18.86121022
0.025,0.92,0.89,3.846153846,1.655518395,6.424474187,1.48E+01
0.011111111,0.95,0.84,3.339366516,1.529411765,6.991404011,5.55E+01
0.019444444,0.93,0.83,2,1.499159664,5.979381443,1.49E+01
0.019444444,0.93,0.83,2,1.499159664,5.991735537,1.49E+01
0.016666667,0.91,0.9,2.900269542,2.199460916,6.403508772,18.59718541
0.011111111,0.95,0.902,2.5,2,6.67539267,260.8026289
0.011111111,0.95,0.85,2.377537212,1.258457375,5.886597938,1.87E+02
0.0125,0.941,0.87,2.5,1.799773756,6.304347826,45.00662282
0.0125,0.95,0.83,2.744360902,1.417293233,6.167832168,44.91859861
0.016666667,0.92,0.9,4.429530201,1.704697987,7.326923077,1.49E+01
0.016666667,0.93,0.88,2.63253012,1.436746988,6.346604215,5.57E+01
0.013888889,0.95,0.87,3.525423729,1.774011299,6.952662722,44.51516761
0.011111111,0.945,0.865,2.500338983,2,7.111692845,3.73E+01
0.016666667,0.93,0.9,3.126126126,1.558558559,6.615017878,55.95074554
0.011111111,0.95,0.89,3.194130926,1.422121896,6.731343284,45.13431688
0.016666667,0.936,0.88,2.04995486,1.399939813,6.354044549,5.60E+01
0.013888889,0.93,0.9,2.049717514,1.249717514,5.386904762,44.81394637
0.011111111,0.941,0.89,2.050045086,1.449954914,6.530120482,55.38296231
0.0125,0.94,0.85,3.024096386,1.578313253,7.032842582,5.62E+01
0.008333333,0.96,0.83,2.83836858,1.459214502,6.505131129,1.11E+02
0.0125,0.945,0.905,2.5,1.6,6.575757576,56.21507511
0.011111111,0.94,0.88,2.401129944,1.875706215,6.574344023,45.21193562
0.0125,0.924,0.88,2.99890471,2.398685652,6.488571429,7.85E+01
0.022222222,0.91,0.85,3.277591973,1.555183946,6.090909091,1.47E+01
0.008333333,0.95,0.902,2.500063751,1.2000085,5.888429752,574.6800473
0.018055556,0.941,0.925,2,1.2,6.641221374,4.54E+01
0.018055556,0.941,0.925,2,1.2,6.641221374,45.42460037
0.019444444,0.93,0.85,3.474576271,1.966101695,6.869244936,14.86936173
0.016666667,0.94,0.85,2.704035874,1.739910314,6.266968326,56.27525912
0.013888889,0.93,0.91,3.45045045,1.594594595,7.033898305,55.6958514
0.011111111,0.941,0.855,2.146407592,1.549932219,11.92090395,56.7306119
0.013888889,0.936,0.93,2.498873874,1.398648649,7.286821705,44.73392147
0.016666667,0.945,0.875,2.3,2.3,6.34502924,56.32801349
0.015277778,0.91,0.883,2.749326146,1.900269542,6.271477663,18.63002956
0.013888889,0.945,0.86,2,2,6.304347826,44.67842032
0.013888889,0.945,0.86,2,2,6.304347826,44.67842032
0.013888889,0.917,0.855,2.8,1.8,6.124161074,18.61530574
0.011111111,0.95,0.86,3.141242938,1.570621469,6.47826087,44.91481408
0.013888889,0.941,0.85,2.423423423,1.855855856,12.3255814,54.80566597
0.0125,0.95,0.84,2.858006042,1.36858006,6.14416476,55.56902579
0.013888889,0.945,0.865,2.29971831,2,6.768558952,4.47E+01
0.016666667,0.917,0.76,2.799640611,2.099730458,5.970149254,18.60142408
0.013888889,0.95,0.86,2.864864865,1.558558559,6.11957796,55.52512523
0.022222222,0.936,0.85,2.400537634,2,6.124161074,1.89E+01
0.022222222,0.92,0.86,3.243243243,1.959459459,7.164179104,1.84E+01
0.011111111,0.94,0.88,2.288888889,1.724444444,6.811254396,56.21833977
0.0125,0.95,0.84,2.649546828,1.552870091,6.59453303,55.82334628
0.013888889,0.945,0.84,3.099669967,2.899669967,7.8,75.10401798
0.016666667,0.94,0.85,2.704035874,1.739910314,6.266968326,56.27525912
0.015277778,0.91,0.877,2.6,1.950561798,6.036931818,2.24E+01
0.008333333,0.941,0.865,2.9138322,2.482993197,15.22058824,44.09944285
0.016666667,0.95,0.92,3.633295838,1.631046119,7.608024691,45.12372019
0.016666667,0.94,0.95,2.704819277,1.43373494,6.785471056,62.68243029
0.013888889,0.95,0.91,2.945762712,1.372881356,7.482758621,7.49E+01
0.010277778,0.945,0.91,3.657657658,1.603603604,7.527405603,5.63E+01
0.009722222,0.95,0.91,3.657657658,1.603603604,7.527405603,5.65E+01
0.016666667,0.93,0.91,2.5,2.150900901,6.492537313,2.26E+01
0.019444444,0.93,0.84,3.344537815,1.949579832,7.327272727,14.883859
0.022222222,0.92,0.84,3.134831461,1.95505618,6.746987952,22.21957914
0.019444444,0.93,0.89,3.432432432,1.662162162,6.628318584,7.45E+01
0.013888889,0.924,0.853,3,2,7.070707071,18.65073325
0.0125,0.95,0.84,2.649546828,1.552870091,6.59453303,5.58E+01
0.011111111,0.936,0.84,2.938005391,1.900269542,5.5,1.88E+01
0.020833333,0.93,0.82,2,1.35,5.93495935,1.87E+01
0.020833333,0.93,0.82,2,1.35,5.944625407,18.6532124
0.022222222,0.93,0.91,4.594594595,2.027027027,7.515822785,18.52814932
0.013888889,0.95,0.9,3.408577878,1.392776524,6.671732523,224.1199267
0.013888889,0.95,0.835,2.4,2,6.061452514,56.56549281
0.013888889,0.94,0.87,3.094594595,1.630630631,6.619883041,55.70981035
0.013888889,0.94,0.87,3.153153153,1.459459459,6.774941995,56.16591406
0.016666667,0.91,0.893,2.6,1.898876404,6.213872832,22.40203178
0.008333333,0.945,0.84,3.100412655,2.900412655,7.7,90.12482158
0.020833333,0.917,0.815,2.400179051,2.299910474,6.629392971,18.63758946
0.013888889,0.93,0.91,2.049818841,1.099637681,5.240963855,55.96556497
0.013888889,0.924,0.86,3.1,2.1,6.207482993,1.86E+01
0.011111111,0.95,0.85,2.384180791,1.306214689,5.750577367,222.8634624
0.009722222,0.95,0.91,3.657657658,1.603603604,7.527405603,56.54921933
0.0125,0.94,0.83,2.471783296,1.318284424,5.830536913,74.09700607
0.016666667,0.941,0.9,2,1.05045045,6.536144578,56.00524279
0.016666667,0.941,0.9,2,1.05045045,6.536144578,56.00524279
0.011111111,0.936,0.89,2.927927928,1.576576577,14.16666667,5.58E+01
0.008333333,0.937,0.908,2.09986413,1.5,6.5,74.56526808
0.011111111,0.954,0.9,3.389830508,1.362711864,7.287356322,74.39411964
0.01,0.95,0.9,3.389830508,1.362711864,7.287356322,74.08219461
0.016666667,0.943,0.863,2.09993263,1.600044914,6,74.56564654
0.011111111,0.93,0.86,3.155932203,1.301694915,6.724137931,7.39E+01
0.0125,0.924,0.772,2.9,2.1,6.027918782,2.24E+01
0.013888889,0.94,0.84,2.850847458,1.684745763,6.256323777,74.61227594
0.013888889,0.94,0.85,2.630508475,1.491525424,5.811965812,74.4819606
0.013888889,0.945,0.905,2.4,1.4,6.561085973,75.29413091
0.013888889,0.924,0.844,2.75,1.850225225,6.041666667,22.36842355
0.015277778,0.93,0.915,2,1.298876404,6.590909091,22.37362947
0.015277778,0.93,0.915,2,1.298876404,6.590909091,2.24E+01
0.016666667,0.945,0.87,2,2,6.34502924,56.00613912
0.016666667,0.945,0.87,2,2,6.34502924,56.00613912
0.008333333,0.945,0.89,2.272727273,1.818181818,12.84023669,56.62353556
0.013888889,0.945,0.86,2.2,2,6.223175966,75.43530388
0.011111111,0.95,0.84,3.339366516,1.529411765,6.987399771,55.50544567
0.011111111,0.95,0.88,3.019021739,1.277173913,6.519043401,94.00018134
0.009722222,0.941,0.89,2.702702703,1.351351351,6.473214286,74.73363589
0.009444444,0.954,0.84,3.339366516,1.529411765,6.987399771,55.73915281
0.022222222,0.92,0.84,3.03712036,2.159730034,7.204819277,2.22E+01
0.005555556,0.93,0.89,3.399073461,2.199205824,5.539772727,72.54109374
0.013888889,0.93,0.85,3,2,6.788732394,22.35881005
0.016666667,0.936,0.844,3,1.950134771,13.45762712,1.86E+01
0.011111111,0.941,0.84,2.91011236,1.943820225,12.08333333,22.6720019
0.011111111,0.95,0.88,3.070652174,1.317934783,6.857142857,93.2508442
0.008888889,0.954,0.88,3.070652174,1.317934783,6.857142857,9.36E+01
0.020833333,0.924,0.825,2.4,2.2,6.589673913,22.35075497
0.015277778,0.936,0.899,2.808988764,1.849438202,6.492537313,22.45943396
0.019444444,0.93,0.86,2,1.5,6.134453782,1.90E+01
0.019444444,0.93,0.86,2,1.5,6.144781145,18.92588985
0.013888889,0.924,0.87,2.995495495,2.04954955,6.232091691,2.24E+01
0.013888889,0.95,0.91,3.094777563,1.32688588,6.67191601,262.4269496
0.011111111,0.96,0.89,2.247332687,1.432589719,5.136842105,258.6802639
0.011111111,0.95,0.9,3.727891156,1.217687075,6.73121254,147.7556599
0.020833333,0.936,0.83,2,1.35,6.020761246,2.24E+01
0.020833333,0.936,0.83,2,1.35,6.024930748,2.23E+01
0.019444444,0.936,0.86,2.5,2.1,6.161473088,22.63953301
0.022222222,0.9,0.85,2.226890756,1.848739496,4.964285714,29.68042264
0.022222222,0.902,0.85,2.226890756,1.848739496,4.964285714,29.74637913
0.0125,0.94,0.83,2.446654611,1.303797468,5.597609562,93.61584827
0.011111111,0.945,0.87,2.542372881,1.644067797,12.71929825,74.67485217
0.016666667,0.94,0.84,3.20754717,1.684636119,6.328928047,1.86E+01
0.013888889,0.95,0.9,3.040540541,1.297297297,6.696750903,7.55E+01
0.019444444,0.936,0.85,2,1.49944009,6.161473088,2.24E+01
0.019444444,0.936,0.85,2,1.49944009,6.170212766,2.23E+01
0.019444444,0.93,0.91,3.790322581,2.150537634,8.746031746,1.85E+01
0.016666667,0.941,0.85,2.779775281,1.930337079,6.857142857,22.3046315
0.016666667,0.94,0.83,2.928475034,1.565452092,6.347826087,18.64857535
0.013888889,0.945,0.84,3.099669967,2.899669967,7.8,130.2362105
0.016666667,0.941,0.89,2.049887133,1.074943567,6.473214286,7.47E+01
0.016666667,0.936,0.915,2.5,2.300675676,6.590909091,3.00E+01
0.015277778,0.917,0.876,2.699831366,2.200674536,6.23655914,29.7608173
0.011111111,0.946,0.883,2,1.6,6.178571429,93.17477114
0.013888889,0.95,0.91,2.945762712,1.372881356,7.467771639,7.48E+01
0.0125,0.94,0.83,3.081447964,1.457013575,6.413043478,7.43E+01
0.008333333,0.95,0.87,4.108843537,1.850340136,7.348242812,185.5018153
0.008333333,0.95,0.88,3.028493894,1.481682497,6.270462633,187.1677659
0.016666667,0.94,0.83,3.191011236,1.730337079,6.835748792,22.37829042
0.013888889,0.94,0.91,3.599099099,1.396396396,7.090909091,1.12E+02
0.011388889,0.95,0.89,3.797297297,1.763513514,7.038043478,74.37057587
0.011111111,0.95,0.89,3.797297297,1.763513514,7.038043478,74.37057587
0.011111111,0.95,0.88,3.036199095,1.339366516,6.971046771,112.1507921
0.013888889,0.93,0.847,2.449324324,1.773648649,5.777310924,2.99E+01
0.013888889,0.93,0.839,2.5,1.599662162,5.885416667,29.84039762
0.016666667,0.95,0.817,2.2,2,6.196581197,72.35190703
0.016666667,0.95,0.817,2.2,2,6.196581197,72.35190703
0.013888889,0.93,0.857,2.500421941,2.100421941,6.170212766,29.84558442
0.008333333,0.946,0.909,2.1,1.4,6.360294118,93.17778602
0.013888889,0.95,0.875,2.2,2,6.39084507,9.40E+01
0.011111111,0.95,0.895,2.4,1.4,6.55234657,93.82420065
0.011111111,0.954,0.871,2.349152542,2.237288136,12.94642857,74.14860954
0.008333333,0.941,0.86,2.900090621,2.400090621,6.812227074,73.82645592
0.005555556,0.936,0.89,3.399338114,2.199669057,6.25046729,88.77242938
0.016666667,0.93,0.865,2.798876404,2.398876404,7.521489971,22.36881316
0.016666667,0.941,0.89,2.050216763,1.300939306,6.478571429,93.41704487
0.011111111,0.945,0.9,2.050033807,1.299864773,6.590909091,74.53932612
0.008333333,0.936,0.91,2.050916497,1.102511881,4.927272727,7.46E+01
0.016666667,0.95,0.87,1.998802216,1.649947597,6.088235294,1.12E+02
0.022222222,0.93,0.92,3.803131991,2.035794183,8.266666667,2.22E+01
0.012222222,0.949,0.853,2.2,2,6.453900709,9.09E+01
0.012222222,0.949,0.853,2.2,2,6.453900709,90.93955303
0.016666667,0.95,0.84,2.696629213,1.186516854,6.15,7.63E+01
0.016666667,0.954,0.84,2.696629213,1.186516854,6.15,7.66E+01
0.009166667,0.95,0.84,2.696629213,1.186516854,6.15,76.29614525
0.008333333,0.945,0.84,3.100412655,2.900412655,7.7,1.57E+02
0.016666667,0.94,0.85,3.059617548,1.676040495,6.400996264,2.22E+01
0.011111111,0.941,0.86,2.949152542,1.9,12.60869565,29.65953688
0.008333333,0.95,0.87,2.800135044,2.200090029,7.8,111.9464274
0.015,0.954,0.865,2.1,2,6.34502924,112.4291822
0.0175,0.95,0.86,2.050074963,1.320089955,6.308139535,1.12E+02
0.016666667,0.943,0.855,1.999640676,1.5,5.965517241,9.31E+01
0.0125,0.94,0.83,2.505415162,1.398916968,6.128818061,9.36E+01
0.01,0.949,0.868,2.2,1.05,6.594202899,90.5698155
0.01,0.949,0.868,2.2,1.05,6.594202899,90.5698155
0.016666667,0.93,0.84,2.462184874,1.411764706,5.175438596,3.09E+01
0.0125,0.95,0.83,2.60331825,1.401206637,6.069623807,1.12E+02
0.011111111,0.95,0.9,3.389830508,1.362711864,7.274401473,7.40E+01
0.011111111,0.954,0.9,3.389830508,1.362711864,7.274401473,7.43E+01
0.01,0.95,0.9,3.389830508,1.362711864,7.274401473,73.98001227
0.0125,0.917,0.869,2.500846024,1.900169205,7.425531915,29.84045419
0.011111111,0.945,0.9,1.945459223,1.091072807,6.572463768,93.51297277
0.011111111,0.945,0.885,2.70010846,1.70010846,6.482142857,93.28709602
0.009444444,0.958,0.83,2.7239819,1.14479638,6.326241135,111.6583449
0.008333333,0.96,0.83,2.7239819,1.14479638,6.326241135,111.8914521
0.013888889,0.917,0.878,2.449324324,1.75,6.23655914,29.82876437
0.011111111,0.95,0.89,2.100045167,1.5,6.234939759,111.8253224
0.005555556,0.93,0.89,3.399073461,2.199205824,5.556363636,1.26E+02
0.022222222,0.936,0.8,2.299977651,1.249972064,5.903614458,2.15E+02
0.0125,0.936,0.84,2.500037619,1.299977428,6.202531646,2.15E+02
0.008333333,0.936,0.885,2.499886673,1.199909338,6.533333333,215.214241
0.006944444,0.936,0.902,2.499773037,1.099863822,6.657608696,2.15E+02
0.011111111,0.945,0.87,2.513586957,1.385869565,6.342657343,9.37E+01
0.011111111,0.95,0.88,3.019021739,1.277173913,6.520198441,9.40E+01
0.009722222,0.93,0.86,2.4,1.750226244,6.271676301,5.51E+01
0.013888889,0.936,0.885,2.699915469,2.600169062,8.407079646,29.83156333
0.011111111,0.943,0.857,2.2,1.1,6.415929204,72.75945162
0.011111111,0.943,0.857,2.2,1.1,6.415929204,7.28E+01
0.016666667,0.952,0.857,2.1,2,6.319444444,9.36E+01
0.016666667,0.952,0.857,2.1,2,6.319444444,93.6049297
0.0125,0.936,0.9,2.9,1.950847458,6.516853933,2.99E+01
0.011111111,0.95,0.88,3.070652174,1.317934783,6.886657102,9.29E+01
0.009722222,0.945,0.9,2.826086957,1.440217391,13.33823529,9.22E+01
0.008888889,0.954,0.88,3.070652174,1.317934783,6.886657102,93.24215013
0.008333333,0.941,0.845,2.500090629,2.199927497,6.571428571,93.12839669
0.004166667,0.945,0.89,3.00045208,2.800632911,6.241666667,110.5666671
0.016666667,0.93,0.865,2.2,2,6.223175966,29.86781356
0.016666667,0.95,0.844,2,1.499157777,5.987124464,148.8471186
0.008333333,0.946,0.905,2,1.39990942,6.31097561,1.12E+02
0.0125,0.954,0.915,2,1.3,6.676923077,1.13E+02
0.013888889,0.924,0.885,2.65,1.7,6.473214286,36.48561978
0.023611111,0.91,0.88,2.666666667,1.813333333,12.20689655,1.85E+01
0.016666667,0.93,0.855,2.452830189,1.698113208,6.112054329,3.73E+01
0.011666667,0.95,0.875,2.1,1.340045249,6.420118343,1.12E+02
0.011111111,0.95,0.9,3.766304348,1.407608696,6.976744186,93.73526417
0.008611111,0.95,0.9,3.858695652,1.293478261,7.188191882,9.23E+01
0.008611111,0.954,0.9,3.858695652,1.293478261,7.188191882,9.27E+01
0.008333333,0.954,0.9,3.858695652,1.293478261,7.188191882,9.27E+01
0.016666667,0.95,0.88,2.049352994,1.250075233,6.458333333,111.901013
0.011111111,0.95,0.9,2.050406872,1.150090416,6.615853659,111.7193555
0.011111111,0.93,0.839,2.450169492,1.700338983,5.666666667,37.30049703
0.008333333,0.95,0.904,2.1,1.020068027,6.651376147,149.1650192
0.011111111,0.945,0.845,2.5,2.297297297,12.39316239,3.72E+01
0.011111111,0.95,0.85,2.904761905,1.303854875,6.470588235,1.12E+02
0.016666667,0.941,0.83,2.5,1.5,6.041666667,3.73E+01
0.019444444,0.93,0.83,2.751677852,1.697986577,5.942857143,37.43516051
0.0125,0.95,0.85,2.868778281,1.426847662,6.750572082,112.4611236
0.011111111,0.936,0.886,2.750332005,1.900398406,12.94642857,37.0012211
0.011111111,0.95,0.88,3.070652174,1.317934783,6.886657102,92.85119772
0.011111111,0.96,0.86,2.820861678,1.235827664,6.513545347,111.6929674
0.005555556,0.945,0.89,2.749931824,1.70002727,6.115107914,93.14404075
0.016666667,0.924,0.904,2.800539084,1.900269542,6.473214286,37.26892687
0.0125,0.954,0.828,2.1,2,6.223175966,1.47E+02
0.016944444,0.94,0.9,3.367003367,2.087542088,7.164031621,29.65797526
0.011111111,0.95,0.88,3.036199095,1.339366516,6.971496437,1.12E+02
0.008333333,0.95,0.82,2.844202899,1.391304348,6.731283422,92.85119772
0.008333333,0.954,0.82,2.844202899,1.391304348,6.731283422,93.24215013
0.005555556,0.936,0.89,3.399338114,2.199669057,6.23880597,153.9020302
0.011111111,0.95,0.79,2,1.199972903,7.271634615,9.33E+01
0.0125,0.941,0.91,2.7100271,1.89701897,12.94545455,3.75E+01
0.0125,0.95,0.83,2.828054299,1.495475113,6.337792642,1.50E+02
0.008333333,0.96,0.87,3.577512777,1.822827939,7.48603352,148.8922143
0.008333333,0.954,0.9,4.162895928,1.402714932,6.971358927,1.12E+02
0.007777778,0.95,0.9,4.162895928,1.402714932,6.971358927,111.7874771
0.011111111,0.951,0.883,2.198509485,1.549966125,6.255605381,1.49E+02
0.011111111,0.936,0.853,2.1,1.449717514,6.170212766,44.84690286
0.008333333,0.945,0.87,2.9,1.8,6.869565217,45.19793684
0.022222222,0.93,0.85,2.923728814,1.533898305,6.220183486,2.98E+01
0.009444444,0.958,0.85,2.628959276,1.097285068,6.184971098,1.12E+02
0.008333333,0.945,0.86,2.4,1.5,12.44604317,45.00217699
0.008333333,0.96,0.85,2.628959276,1.097285068,6.184971098,112.4746683
0.008333333,0.945,0.9,2.050054407,0.551686616,5.253623188,9.35E+01
0.015,0.95,0.86,2.05,1.289977477,6.331877729,149.0651076
0.008333333,0.95,0.87,2.800135044,2.200090029,7.8,193.7159918
0.013888889,0.95,0.86,3.025423729,1.508474576,6.924528302,3.00E+01
0.008333333,0.95,0.86,2.750566893,1.7,6.308139535,111.9615655
0.004166667,0.945,0.9,3.199867418,3,6.15,149.0786522
0.016666667,0.941,0.855,2,1,6.252730109,3.57E+02
0.013888889,0.95,0.87,3.525423729,1.774011299,6.967741935,44.37773977
0.011111111,0.941,0.87,2.771751412,1.519774011,12.79411765,44.35435292
0.011111111,0.95,0.89,3.891402715,1.393665158,6.662686567,112.8357922
0.011111111,0.95,0.86,2.704584041,1.324278438,6.574561404,148.4141683
0.009166667,0.958,0.85,3.157099698,1.392749245,6.49132948,112.240346
0.008333333,0.96,0.85,3.157099698,1.392749245,6.49132948,112.4746683
0.005555556,0.945,0.924,2.649945474,1.599781897,6.858208955,93.22385053
0.010555556,0.95,0.877,2.05008489,1.25008489,6.444444444,149.3565165
0.011111111,0.936,0.865,2.1,1.550282486,6.231884058,44.51019593
0.034444444,0.835,0.644,2.95,1.65,5.285714286,0.749771366
0.008333333,0.95,0.904,2.09986413,1.5,6.428571429,148.480776
0.0075,0.95,0.905,2.100817439,1.019891008,6.709558824,186.3200309
0.025,0.825,0.789,3.096774194,2,6.785714286,0.726068251
0.025,0.825,0.789,3.096774194,2,6.785714286,0.907585313
0.013888889,0.95,0.85,3.194915254,1.737288136,6.822429907,2.99E+01
0.0125,0.941,0.88,3,2.35,14.55882353,4.49E+01
0.011111111,0.96,0.87,2.76910017,1.283531409,6.261061947,150.3894544
0.008333333,0.96,0.85,2.628959276,1.097285068,6.184971098,112.4746683
0.004166667,0.945,0.89,3.00045208,2.800632911,6.253333333,191.3284065
0.011111111,0.945,0.87,2.3,1.45,6.279069767,56.33366041
0.013888889,0.95,0.88,2.993288591,1.536912752,6.847328244,37.93745525
0.005555556,0.95,0.875,2.8,1.9,6.639053254,111.9275048
0.011111111,0.951,0.855,2.1,2,6.458333333,1.09E+02
0.008333333,0.945,0.9,2.049864007,1.049864007,5.496969697,1.12E+02
0.036111111,0.855,0.755,4.533333333,3.7,7.333333333,0.771476647
0.005555556,0.95,0.9,3.4,1.8,6.859756098,111.7193555
0.016666667,0.95,0.88,2.050558628,1.249294662,6.473214286,1.49E+02
0.011111111,0.95,0.9,2.050323019,1.049982999,6.621004566,149.1862126
0.008333333,0.95,0.878,2.5,1.7,6.34502924,56.82019175
0.011111111,0.945,0.872,2.199864499,1.599932249,6.10619469,7.42E+01
0.054166667,0.817,0.664,2.545454545,1.818181818,4.6875,0.691557949
0.0125,0.95,0.86,2.790960452,1.439548023,6.380662021,149.4556712
0.008333333,0.95,0.88,2.899983496,2.400066017,8,151.5326218
0.008333333,0.95,0.89,2.778911565,1.331632653,6.642201835,146.8549415
0.041666667,0.84,0.81,2.695652174,2,5.647058824,1.15E+00
0.013333333,0.95,0.86,2.05,1.179963899,6.358885017,186.819589
0.005555556,0.957,0.885,2.1,1,6.744186047,1.45E+02
0.011111111,0.941,0.878,2.409954751,1.5,6.382352941,5.60E+01
0.041666667,0.825,0.59,4.217391304,3.434782609,6.266666667,7.27E-01
0.008888889,0.951,0.902,2.1,1.050226244,6.615853659,112.0854814
0.011111111,0.95,0.88,3.208828523,1.477079796,7.071748879,148.5352733
0.011111111,0.95,0.88,2.918781726,1.365482234,7.022222222,149.8674282
0.008333333,0.95,0.87,2.721088435,1.785714286,6.444444444,1.48E+02
0.008333333,0.96,0.87,3.418367347,1.734693878,7.120535714,1.49E+02
0.007222222,0.962,0.87,3.418367347,1.734693878,7.120535714,1.49E+02
0.011111111,0.941,0.863,2.20018075,1.79981925,6.271676301,5.60E+01
0.009444444,0.95,0.88,2.05,1.210054348,6.517857143,1.87E+02
0.041111111,0.751,0.581,2.803278689,1.770491803,4.571428571,0.730052047
0.009722222,0.941,0.85,2.65,2.1,6.164772727,5.61E+01
0.041666667,0.8,0.678,2.468085106,1.957446809,4.705882353,7.35E-01
0.031666667,0.825,0.8,2.608695652,1.695652174,5.714285714,1.10E+00
0.03,0.785,0.647,3.711111111,2.866666667,5.642857143,4.93E-01
0.03,0.785,0.647,3.711111111,2.866666667,5.642857143,1.133053529
0.03,0.785,0.647,3.711111111,2.866666667,5.642857143,1.42E+00
0.040833333,0.74,0.58,3.239130435,2.347826087,4.444444444,0.769415074
0.040833333,0.74,0.58,3.239130435,2.347826087,4.545454545,0.752316961
0.027777778,0.737,0.8,3.866666667,2.866666667,7,7.52E-01
0.027777778,0.737,0.8,3.866666667,2.866666667,7,0.939519784
0.013888889,0.95,0.87,2.858108108,1.912162162,6.643939394,37.7926558
0.008333333,0.95,0.86,2.204255319,1.828085106,5.742358079,149.0651076
0.048333333,0.785,0.72,2.847826087,2.369565217,5.058823529,0.765542901
0.026111111,0.84,0.798,3.196721311,2.049180328,6.909090909,1.468700796
0.030555556,0.848,0.759,4.155555556,3.266666667,8.176470588,1.089720251
0.020833333,0.941,0.855,2.1,1.4,6.25,74.35876814
0.027222222,0.75,0.6,4.433333333,3.333333333,6.142857143,7.53E-01
0.016666667,0.958,0.81,2.876404494,1.337078652,6.805785124,149.618175
0.0125,0.958,0.85,2.850678733,1.36199095,6.427015251,1.49E+02
0.01,0.96,0.85,2.850678733,1.36199095,6.427015251,149.2077247
0.01,0.96,0.81,2.876404494,1.337078652,6.805785124,149.9305303
0.008611111,0.959,0.89,3.741496599,1.666666667,7.126593807,149.3342443
0.008333333,0.958,0.89,3.741496599,1.666666667,7.126593807,1.49E+02
0.008333333,0.95,0.89,2.653532609,1.592391304,6.443661972,1.91E+02
0.004166667,0.945,0.9,3.199867418,3,6.15,257.9708852
0.026111111,0.865,0.811,3.933333333,2.866666667,8.538461538,0.726605654
0.024444444,0.865,0.736,4.172413793,2.862068966,8.428571429,7.10E-01
0.008333333,0.95,0.9,2.05100306,1.049982999,4.9543379,1.49E+02
0.044444444,0.81,0.92,2.766666667,2.066666667,6.3,1.19E+00
0.03,0.851,0.735,3.333333333,2.044444444,6.733333333,7.48E-01
0.027222222,0.84,0.799,2.891304348,1.804347826,6.095238095,1.122958791
0.013888889,0.94,0.91,2.766497462,1.003384095,5.781818182,3.00E+02
0.010555556,0.958,0.93,2.448648649,1.113513514,7.328244275,185.9808413
0.008333333,0.96,0.87,3.418367347,1.734693878,7.120535714,149.0585743
0.008333333,0.96,0.93,2.448648649,1.113513514,7.328244275,1.86E+02
0.007222222,0.962,0.87,3.418367347,1.734693878,7.120535714,149.369113
0.006944444,0.95,0.906,2,1,6.692913386,2.61E+02
0.030833333,0.865,0.739,3.397058824,2.147058824,6.888888889,1.15E+00
0.038333333,0.836,0.665,3.377777778,2.444444444,6,7.53E-01
0.033333333,0.825,0.644,2.95,1.633333333,5.352941176,0.719626581
0.009444444,0.95,0.88,2.050056625,1.209966025,6.458333333,223.8020261
0.016666667,0.96,0.83,1.845248869,1.314027149,5.767918089,1.86E+02
0.013888889,0.95,0.86,2.806306306,1.522522523,6.025641026,5.52E+01
0.035555556,0.865,0.781,3.433333333,2.833333333,7.142857143,0.75355271
0.026666667,0.84,0.789,3.278688525,2.327868852,7.090909091,1.452136501
0.046666667,0.84,0.643,2.695652174,2.152173913,4.833333333,7.75E-01
0.045833333,0.825,0.64,2.652173913,1.695652174,8.333333333,0.7572249
0.045833333,0.825,0.64,2.652173913,1.695652174,10.71428571,7.36E-01
0.030833333,0.855,0.745,3.602941176,2.323529412,6.888888889,1.14E+00
0.023611111,0.875,0.79,10,10,10.71428571,7.71E-01
0.023611111,0.875,0.79,10,10,13.63636364,0.757279676
0.008333333,0.95,0.88,2.899983496,2.400066017,8,262.7936213
0.008333333,0.95,0.899,2.146092865,1.998867497,7.051671733,2.24E+02
0.008333333,0.958,0.9,3.272108844,1.263945578,6.789090909,188.9118371
0.008333333,0.96,0.9,3.272108844,1.263945578,6.789090909,189.3062251
0.006944444,0.958,0.9,1.750068138,0.699918234,6.734317343,186.1640286
0.033333333,0.8,0.52,2.15,1.35,6.818181818,0.729179534
0.033333333,0.8,0.52,2.15,1.35,8.333333333,7.46E-01
0.030555556,0.81,0.76,4.033898305,3.033898305,7.5,1.47E+00
0.038888889,0.865,0.75,4.888888889,4.155555556,8.176470588,1.098385432
0.008333333,0.96,0.86,2.1,2,6.561085973,145.3718834
0.007777778,0.96,0.865,2.1,2,6.636363636,181.9443163
0.013888889,0.94,0.91,2.852187029,0.948717949,5.918367347,333.9517972
0.011111111,0.95,0.87,3.005089059,1.66836302,6.850220264,2.99E+02
0.009722222,0.93,0.853,2.300067889,2.200271555,6.144067797,74.5817288
0.008333333,0.95,0.885,3.044217687,1.30952381,6.531531532,148.7093617
0.008333333,0.96,0.93,2.328828829,1.112612613,6.8875,227.6263943
0.041666667,0.825,0.59,4.282608696,3.5,6.210526316,0.736848189
0.001111111,0.855,0.898,3.766666667,2.566666667,8.85,1.529328983
0.0375,0.855,0.82,3.3,2.566666667,7,1.466316542
0.013888889,0.95,0.833,2.2,2,6.304347826,72.50782971
0.013888889,0.95,0.833,2.2,2,6.304347826,72.50782971
0.053333333,0.8,0.686,2.423913043,1.576086957,4.384615385,1.14E+00
0.011666667,0.95,0.83,2.748493976,1.355421687,6.676056338,2.23E+02
0.011111111,0.941,0.83,2.3,1.6,12.08333333,7.47E+01
0.011111111,0.958,0.93,2.322393822,1.133204633,6.85483871,2.64E+02
0.010833333,0.96,0.93,2.322393822,1.133204633,6.85483871,264.6156833
0.008333333,0.95,0.9,2.8,2.100067981,7.346715328,186.6530696
0.008333333,0.96,0.89,2.575311438,1.801812005,7.731244351,225.9367884
0.008333333,0.96,0.88,2.978482446,1.577576444,7.507507508,2.24E+02
0.008333333,0.95,0.9,2.646659117,1.38391846,6.832317073,223.4387111
0.007777778,0.958,0.88,2.978482446,1.577576444,7.507507508,223.6716151
0.02,0.941,0.855,2.1,1.380107527,6.275862069,9.29E+01
0.025,0.799,0.539,4.804347826,3.434782609,6.136363636,7.55E-01
0.025,0.84,0.758,3.695652174,2.804347826,7.954545455,1.116065367
0.025,0.84,0.758,3.695652174,2.804347826,7.954545455,1.395081709
0.033333333,0.865,0.745,3,2.733333333,10,7.70E-01
0.033333333,0.865,0.745,3,2.733333333,12.5,7.70E-01
0.043333333,0.825,0.748,4.655737705,4.475409836,7.541666667,1.48E+00
0.034444444,0.863,0.773,3.955555556,3.133333333,7.714285714,1.116164083
0.011111111,0.95,0.88,2.278070836,1.138658628,6.324110672,337.035194
0.009444444,0.954,0.89,3.343023256,1.589147287,7.087628866,2.62E+02
0.008333333,0.96,0.9,2.927325581,1.738372093,7.503920544,263.376588
0.008333333,0.96,0.89,3.343023256,1.589147287,7.087628866,2.64E+02
0.004722222,0.959,0.885,2.1,1,6.784386617,181.8999656
0.031666667,0.874,0.774,3.422222222,2.366666667,7.590909091,1.482188865
0.026111111,0.84,0.798,3.196721311,2.049180328,7.037037037,1.441997145
0.038888889,0.865,0.76,4.409836066,3.803278689,7.347826087,1.51E+00
0.034444444,0.867,0.824,2.916666667,2.1,7.115384615,1.48E+00
0.024444444,0.857,0.734,4.266666667,3.111111111,8.181818182,1.102600085
0.036666667,0.865,0.809,3.918032787,3.098360656,8.095238095,1.46E+00
0.006944444,0.95,0.9,2.849659864,2,7.541284404,7.43E+01
0.030833333,0.865,0.739,3.397058824,2.147058824,7.045454545,1.12E+00
0.038888889,0.8,0.55,2.098901099,1.296703297,6.25,1.12E+00
0.038888889,0.8,0.55,2.098901099,1.296703297,7.692307692,1.139343021
0.038888889,0.864,0.69,2.786885246,1.532786885,5.36,1.484332901
0.025,0.875,0.721,4.177777778,2.955555556,7.523809524,1.06E+00
0.015277778,0.958,0.93,2.510961214,1.266441821,7.529832936,2.97E+02
0.015277778,0.96,0.93,2.510961214,1.266441821,7.529832936,2.98E+02
0.011111111,0.95,0.86,2.857627119,1.694915254,6.634980989,74.43349781
0.011111111,0.96,0.89,2.78201866,1.645462256,7.159090909,3.00E+02
0.008333333,0.96,0.88,2.65631068,1.808414239,7.199895616,257.9276282
0.008333333,0.945,0.865,2.099932019,1.54996601,6.200873362,74.57132532
0.02,0.855,0.643,5.133333333,3.244444444,9.117647059,0.744636753
0.02,0.939,0.81,2.2,2,5.95890411,44.23763799
0.02,0.939,0.81,2.2,2,5.95890411,4.42E+01
0.025,0.875,0.615,5.104477612,2.746268657,7.857142857,1.125462258
0.037222222,0.84,0.793,3.333333333,2.716666667,7.037037037,1.432962075
0.029166667,0.875,0.805,2.52173913,1.739130435,10,1.122412225
0.029166667,0.875,0.805,2.52173913,1.739130435,12.5,1.122412225
0.036666667,0.84,0.678,2.857142857,1.593406593,5.583333333,1.089027084
0.009722222,0.936,0.902,2.649932157,2.200135685,6.590909091,73.99349317
0.037777778,0.875,0.773,3.652173913,3.065217391,7.238095238,1.13E+00
0.033333333,0.818,0.746,3.475409836,2.754098361,6.774193548,1.51E+00
0.033333333,0.818,0.746,3.475409836,2.754098361,6.774193548,1.884006067
0.030833333,0.855,0.745,3.602941176,2.323529412,7.045454545,1.11651234
0.031666667,0.816,0.606,3.913043478,2.84057971,6.25,1.103161949
0.025555556,0.866,0.81,4.155555556,3.066666667,8.6,1.117767211
0.011111111,0.958,0.89,2.78201866,1.645462256,7.191780822,297.541868
0.008333333,0.96,0.89,3.101694915,1.760169492,7.171624714,297.4823035
0.008333333,0.954,0.9,2.399773499,1.600226501,6.422018349,223.6954218
0.0225,0.885,0.697,2.7,1.633333333,6,1.47E+00
0.036111111,0.865,0.745,4.933333333,4.2,7.954545455,1.129570964
0.022777778,0.881,0.774,4.15,2.8,8.518518519,1.47E+00
0.034166667,0.797,0.843,3.666666667,3.133333333,8.107142857,1.50E+00
0.028888889,0.855,0.898,3.64516129,2.483870968,8.84,1.53E+00
0.001111111,0.855,0.898,3.766666667,2.566666667,8.84,1.53E+00
0.030833333,0.84,0.671,2.970588235,2.102941176,5.76,1.122691085
0.0375,0.855,0.82,3.3,2.566666667,6.814814815,1.51E+00
0.036666667,0.865,0.809,3.918032787,3.098360656,8.192307692,1.45E+00
0.028333333,0.875,0.73,3.162962963,1.925925926,6.6,2.23E+00
0.038888889,0.865,0.765,2.804347826,2.5,9.523809524,1.11E+00
0.038888889,0.865,0.765,2.804347826,2.5,11.76470588,1.12E+00
0.019166667,0.941,0.815,2.2,2,5.961538462,55.60413429
0.019166667,0.941,0.815,2.2,2,5.961538462,5.56E+01
0.034722222,0.865,0.79,2.4,1.7,9.259259259,1.47E+00
0.034722222,0.865,0.79,2.4,1.7,11.36363636,1.50E+00
0.051666667,0.83,0.789,4.080645161,3.903225806,6.793103448,1.51E+00
0.023333333,0.875,0.671,4.597014925,3.179104478,8.333333333,1.12E+00
0.025,0.885,0.675,4.477777778,2.433333333,7.64,1.487358036
0.04,0.875,0.8,3.590163934,3.147540984,7.222222222,1.505844972
0.025555556,0.875,0.821,3.611111111,2.366666667,8.032258065,2.22E+00
0.025,0.875,0.655,2.507462687,1.656716418,8.333333333,1.095920507
0.025,0.875,0.655,2.507462687,1.656716418,10.52631579,1.084504669
0.0225,0.885,0.883,3.288888889,1.933333333,8.275862069,2.256994206
0.023611111,0.865,0.81,2.755555556,1.777777778,5.9375,2.232952973
0.033333333,0.82,0.78,3.282608696,2.630434783,6.704545455,2.242227066
0.038888889,0.827,0.665,2.975206612,1.73553719,5.411764706,1.489788203
0.031666667,0.874,0.774,3.422222222,2.366666667,7.428571429,1.509137753
0.041666667,0.865,0.765,4.393442623,3.786885246,7.535714286,1.48E+00
0.042222222,0.845,0.707,2.68852459,1.546448087,5.105263158,2.26E+00
0.024166667,0.855,0.896,3.081632653,2.489795918,9.310344828,2.21E+00
0.019444444,0.895,0.755,3.505617978,2.853932584,7.575757576,2.220815086
0.023333333,0.885,0.835,3.4,2.144444444,8.266666667,2.21E+00
0.038888889,0.864,0.69,2.786885246,1.532786885,5.419354839,1.472458238
0.017777778,0.875,0.679,5.049180328,3.557377049,9.0625,1.51E+00
0.041666667,0.865,0.755,2.704918033,2.344262295,8.620689655,1.508966214
0.041666667,0.865,0.755,2.704918033,2.344262295,10.86956522,1.495957885
0.025,0.875,0.82,3.488888889,2.988888889,9.032258065,2.215195555
0.025,0.875,0.615,5.089552239,2.731343284,7.884615385,1.11474357
0.024444444,0.883,0.848,3.9,3.15,9.96,1.491471722
0.020277778,0.875,0.877,4.2,3.333333333,10,1.528502362
0.03,0.855,0.695,3.411764706,2.544117647,6.75,1.136267592
0.0275,0.855,0.709,3.176470588,2.735294118,7.826086957,1.11E+00
0.022777778,0.895,0.756,3.777777778,2.444444444,7.757575758,2.223756563
0.029166667,0.885,0.685,2.4,1.6,8.064516129,1.497317826
0.029166667,0.885,0.685,2.4,1.6,10,1.51E+00
0.04,0.85,0.92,3.260869565,2.695652174,7.567567568,2.31E+00
0.023333333,0.875,0.752,3.052238806,2.298507463,6.764705882,2.228092838
0.029444444,0.865,0.804,3.388888889,2.522222222,7.875,2.22E+00
0.023333333,0.865,0.714,3.644444444,1.944444444,7.566666667,1.48E+00
0.030555556,0.865,0.894,4,3.5,10.41666667,1.47871108
0.0225,0.895,0.748,3.380597015,1.78358209,7.294117647,2.27E+00
0.0225,0.885,0.697,2.7,1.633333333,6,1.47E+00
0.026944444,0.875,0.877,3.146666667,1.853333333,7.448979592,3.744830786
0.025555556,0.855,0.821,3.444444444,1.933333333,7.425,2.237111973
0.029166667,0.885,0.695,4.166666667,2.244444444,7.433333333,1.470170788
0.028333333,0.875,0.73,3.177777778,1.933333333,6.590909091,2.239247246
0.031111111,0.836,0.746,5.101123596,4.674157303,7.733333333,2.236022028
0.023333333,0.875,0.66,4.014925373,2.955223881,8,1.10E+00
0.028333333,0.853,0.736,3.944444444,3.655555556,8,2.25E+00
0.028055556,0.875,0.916,3.053333333,2,10.21276596,3.751715147
0.025833333,0.855,0.639,3.711111111,2.922222222,6.882352941,1.480008975
0.036666667,0.875,0.791,2.845814978,1.660792952,6.222222222,3.72226054
0.023333333,0.885,0.896,3.422222222,2.311111111,8.333333333,2.27E+00
0.020833333,0.895,0.675,3.313432836,2.835820896,6.72972973,2.226163225
0.025555556,0.875,0.821,3.611111111,2.366666667,7.974358974,2.23E+00
0.025,0.875,0.822,3.611111111,2.366666667,7.974358974,2.234924913
0.025,0.875,0.797,3.533333333,2.244444444,7.75,2.222515635
0.025,0.875,0.822,3.533333333,2.244444444,7.948717949,2.234924913
0.023611111,0.865,0.815,2.711111111,1.755555556,5.825,2.246736633
0.034444444,0.855,0.898,2.526315789,1.539473684,6.25,3.670389559
0.023333333,0.875,0.844,3.288888889,1.933333333,7.894736842,2.235900923
0.0225,0.885,0.883,3.288888889,1.933333333,8.333333333,2.241428729
0.021944444,0.886,0.882,3.6,2.133333333,8.972222222,2.241420124
0.025,0.885,0.845,2.453333333,1.666666667,5.56,3.723903824
0.022222222,0.865,0.565,2.1,1.3,6.578947368,1.479675936
0.022222222,0.865,0.565,2.1,1.3,8.333333333,1.460206516
0.028888889,0.885,0.863,2.953333333,1.96,7.469387755,3.727164994
0.022222222,0.895,0.785,2.494382022,2.146067416,8,2.239087897
0.022222222,0.895,0.785,2.494382022,2.146067416,10,2.24E+00
0.042222222,0.855,0.704,2.655737705,1.617486339,5.340425532,2.25E+00
0.024166667,0.855,0.896,3.355555556,2.711111111,9.444444444,2.197328983
0.021944444,0.855,0.896,4.133333333,2.6,8.648648649,2.258365899
0.019722222,0.889,0.859,3.266666667,2.555555556,7.837837838,2.25E+00
0.029166667,0.865,0.761,2.637037037,1.8,5.857142857,2.20E+00
0.019444444,0.895,0.755,3.516853933,2.865168539,7.476190476,2.261193542
0.025,0.895,0.785,3.127516779,2.66442953,7.150943396,3.708489329
0.024444444,0.875,0.845,3.4,2.144444444,8.157894737,2.238550095
0.025,0.875,0.82,3.488888889,2.988888889,8.974358974,2.229487139
0.024444444,0.875,0.822,3.8,2.888888889,8.205128205,2.234924913
0.025555556,0.885,0.877,3.133333333,1.773333333,7.333333333,3.710330304
0.020833333,0.895,0.81,2.311111111,1.6,8.205128205,2.252636518
0.020833333,0.895,0.81,2.311111111,1.6,10.32258065,2.23819654
0.026666667,0.885,0.705,3.844444444,2.766666667,8,1.49E+00
0.0275,0.865,0.714,3.488888889,3.044444444,8,1.48E+00
0.028333333,0.865,0.692,3.444444444,3.044444444,7.35483871,1.48E+00
0.029166667,0.895,0.769,3.075555556,1.702222222,6.814814815,3.701447612
0.021111111,0.899,0.716,4.775280899,3.595505618,10.13636364,2.256544225
0.034444444,0.875,0.851,3.099337748,2.801324503,8.4,3.707968956
0.022777778,0.895,0.756,3.777777778,2.444444444,7.619047619,2.2641885
0.023888889,0.902,0.813,3.588888889,3.288888889,9.230769231,2.278663256
0.023888889,0.895,0.79,4.033333333,2.988888889,9.25,2.25E+00
0.025,0.893,0.75,3.303703704,1.725925926,7.142857143,2.24E+00
0.023333333,0.875,0.752,3.052238806,2.298507463,6.904761905,2.201879981
0.03,0.875,0.75,3.066666667,1.918518519,6.357142857,2.196023918
0.023333333,0.895,0.75,3.611940299,2.268656716,7.142857143,2.24621875
0.0225,0.895,0.748,3.380597015,1.78358209,7.380952381,2.240228833
0.023055556,0.885,0.88,3.017857143,1.839285714,7,5.584533639
0.026944444,0.875,0.877,3.146666667,1.853333333,7.475409836,3.73E+00
0.033333333,0.865,0.605,2.049723757,1.298342541,5.925925926,2.25E+00
0.033333333,0.865,0.605,2.049723757,1.298342541,7.441860465,2.24E+00
0.028055556,0.875,0.916,3.053333333,2,7.931034483,3.70E+00
0.025,0.895,0.715,2.825892857,2.508928571,5.966101695,3.760188015
0.029722222,0.875,0.917,3.466666667,2.333333333,7.931034483,3.707864384
0.031666667,0.875,0.823,3.013245033,2.046357616,6.769230769,3.729406333
0.030555556,0.875,0.831,3.32,2.473333333,7.1875,3.71E+00
0.028055556,0.885,0.898,3.253333333,1.8,7.433333333,3.80E+00
0.035833333,0.875,0.786,2.898678414,1.700440529,6.294117647,3.73E+00
0.020833333,0.895,0.675,3.28358209,2.813432836,6.717391304,2.21E+00
0.016666667,0.895,0.71,2.298507463,1.552238806,7.272727273,2.227678532
0.016666667,0.895,0.71,2.298507463,1.552238806,9.142857143,2.215021267
0.026388889,0.885,0.845,2.44,1.653333333,5.476190476,3.75E+00
0.026944444,0.885,0.906,3.466666667,2.4,8.448275862,3.71E+00
0.025,0.895,0.815,2.253333333,1.853333333,7.1875,3.72E+00
0.025,0.895,0.815,2.253333333,1.853333333,9.019607843,3.70E+00
0.0225,0.902,0.901,3.303571429,2.017857143,7.188405797,5.584816284
0.021666667,0.895,0.801,2.653731343,1.770149254,6.487179487,5.569018058
0.021666667,0.895,0.799,2.853731343,1.752238806,6.461538462,5.555112894
0.025833333,0.902,0.904,3.56,2.56,8.879310345,3.768091331
0.020833333,0.895,0.88,2.589285714,1.8125,6.352112676,5.57E+00
0.025,0.895,0.785,3.134228188,2.677852349,7.074626866,3.75E+00
0.034444444,0.875,0.851,3.099337748,2.801324503,8.387096774,3.68E+00
0.026944444,0.875,0.882,3.093333333,1.773333333,7.096774194,3.81E+00
0.025555556,0.885,0.877,3.133333333,1.773333333,7.333333333,3.71E+00
0.033888889,0.875,0.843,3.251655629,2.642384106,7.301587302,3.70E+00
0.026666667,0.895,0.797,3.286666667,2.393333333,6.96969697,3.75E+00
0.023888889,0.895,0.827,2.754464286,2.40625,6.684210526,5.602354797
0.021111111,0.895,0.856,2.932885906,2.127516779,7.131147541,3.723446294
0.025833333,0.895,0.893,2.9,1.766666667,6.723404255,7.482225965
0.029166667,0.895,0.769,3.075555556,1.702222222,6.764705882,3.728865742
0.023333333,0.902,0.81,2.708333333,1.666666667,6.337662338,5.60E+00
0.022222222,0.902,0.864,2.745535714,2.245535714,6.888888889,5.59E+00
0.02,0.895,0.79,2.887892377,1.923766816,6.909090909,3.72E+00
0.031111111,0.875,0.918,2.991071429,1.919642857,7.298850575,5.57E+00
0.018333333,0.917,0.814,3.094170404,2.152466368,6.773333333,5.58E+00
0.026111111,0.902,0.818,3.5,3.366666667,7.1875,3.76234203
0.027777778,0.885,0.806,3.753333333,3.12,9.538461538,3.694112593
0.0275,0.875,0.771,3.348214286,2.410714286,6.865671642,3.60127008
0.024722222,0.902,0.937,3,1.853333333,7.386363636,7.407254605
0.024722222,0.895,0.884,2.982142857,1.8125,7.078651685,5.61E+00
0.024444444,0.91,0.932,3.006666667,1.853333333,7.386363636,7.43E+00
0.023055556,0.885,0.88,3.017857143,1.839285714,7,5.58E+00
0.028333333,0.895,0.858,2.533333333,1.92,6.051020408,7.494883229
0.018055556,0.902,0.83,2.148648649,1.5,7.301587302,3.757886323
0.018055556,0.902,0.83,2.148648649,1.5,9.2,3.73E+00
0.025555556,0.875,0.739,3.120401338,1.83277592,6.111111111,3.709398115
0.030833333,0.875,0.758,2.876106195,2.601769912,6.231884058,3.646236284
0.030833333,0.875,0.754,3.2,2.36,6.571428571,3.679560075
0.025,0.895,0.73,2.151785714,1.5,6.388888889,3.747976429
0.025,0.895,0.73,2.151785714,1.5,7.931034483,3.77E+00
0.020833333,0.895,0.705,2.9375,2.616071429,6.162162162,3.720166101
0.023333333,0.902,0.832,2.635451505,1.869565217,6.16,7.474090219
0.023888889,0.902,0.872,2.732441472,1.903010033,6.726315789,7.441750406
0.025,0.895,0.752,2.982222222,2.342222222,7.391304348,3.700057095
0.022222222,0.902,0.743,2.745535714,1.339285714,5.904761905,5.606645658
0.022222222,0.895,0.645,2.05033557,1.298657718,5.679012346,3.725514241
0.022222222,0.895,0.645,2.05033557,1.298657718,7.076923077,3.737012742
0.020833333,0.902,0.875,2.724832215,2.020134228,6.652631579,7.467352758
0.021111111,0.895,0.716,3.154362416,1.510067114,6.301369863,3.727154337
0.023333333,0.91,0.822,2.544642857,1.629464286,6.24,7.449749709
0.0225,0.902,0.901,3.303571429,2.017857143,7.209302326,5.568628411
0.016666667,0.917,0.8,3.207207207,2.283783784,7.090909091,5.625725272
0.021666667,0.895,0.799,2.853731343,1.752238806,6.428571429,5.58E+00
0.021666667,0.902,0.795,2.776119403,1.76119403,6.428571429,5.599099702
0.017777778,0.902,0.755,2.65993266,1.683501684,5.890909091,7.460615297
0.020833333,0.895,0.88,2.5625,1.794642857,6.258426966,5.584884206
0.023888889,0.895,0.827,2.754464286,2.40625,6.684210526,5.60E+00
0.025833333,0.895,0.893,2.9,1.766666667,6.752136752,7.45E+00
0.023333333,0.902,0.808,2.708333333,1.666666667,6.354166667,5.57E+00
0.021666667,0.902,0.81,2.713432836,1.671641791,6.354166667,5.588319764
0.019444444,0.91,0.905,2,1.401785714,7.470588235,5.57734303
0.019444444,0.91,0.905,2,1.401785714,9.338235294,5.58E+00
0.033333333,0.84,0.79,3.225806452,2.690322581,6.608695652,3.04E+00
0.022222222,0.895,0.872,2.745535714,2.25,6.888888889,5.60E+00
0.022222222,0.902,0.864,2.745535714,2.245535714,6.888888889,5.59E+00
0.016666667,0.91,0.66,4.138138138,2.876876877,7.64893617,5.62E+00
0.022777778,0.902,0.816,2.544642857,2.321428571,6.614583333,5.63E+00
0.018333333,0.917,0.814,3.094170404,2.152466368,6.755319149,5.59036357
0.022222222,0.895,0.838,2.819397993,2.301003344,6.534653465,7.544264388
0.030833333,0.895,0.803,2.5,1.949704142,5.773195876,5.554292846
0.020555556,0.885,0.81,2.780269058,2.421524664,6.614583333,5.482996664
0.038333333,0.895,0.824,2.747252747,2.01978022,5.940594059,7.418226558
0.0275,0.885,0.864,2.902654867,2.486725664,7.397260274,5.559149396
0.025833333,0.895,0.918,2.993333333,1.846666667,7.105263158,7.462580464
0.019166667,0.91,0.776,2.985074627,1.626865672,6.414141414,5.57E+00
0.024722222,0.91,0.93,3,1.853333333,7.315315315,7.48E+00
0.024722222,0.902,0.937,3,1.853333333,7.315315315,7.47E+00
0.024444444,0.91,0.928,3.006666667,1.853333333,7.315315315,7.47E+00
0.033333333,0.895,0.815,2.764705882,2,6.25,5.579179524
0.028333333,0.895,0.858,2.533333333,1.92,6.073770492,7.464291869
0.021666667,0.902,0.881,2.794642857,1.696428571,6.354609929,1.12E+01
0.031111111,0.895,0.771,2.345132743,1.438053097,5.643564356,5.55E+00
0.025833333,0.885,0.743,3.272727273,2.363636364,6.047619048,5.50E+00
0.022222222,0.895,0.675,2,1.25,5.474137931,5.583458036
0.022222222,0.895,0.675,2,1.25,6.827956989,5.60E+00
0.024166667,0.895,0.812,2.583518931,1.603563474,6.124031008,7.47E+00
0.02,0.895,0.836,2.748878924,2.399103139,6.666666667,5.54E+00
0.016666667,0.917,0.79,3.178451178,2.32996633,7.155339806,7.431254308
0.015,0.917,0.833,2.747747748,2.004504505,6.25,5.599130934
0.024444444,0.895,0.831,2.691964286,2.410714286,6.684210526,5.629452039
0.017222222,0.917,0.826,3.479820628,2.421524664,8.827956989,5.612428103
0.016666667,0.902,0.75,2,1.250420168,5.869565217,7.438157093
0.016666667,0.902,0.75,2,1.250420168,7.363636364,7.411207249
0.023888889,0.902,0.872,2.732441472,1.903010033,6.714285714,7.457417249
0.022222222,0.902,0.743,2.745535714,1.339285714,5.904761905,5.606645658
0.021111111,0.907,0.776,2.427293065,1.510067114,5.45,1.12E+01
0.016666667,0.917,0.835,2.147982063,1.748878924,6.902173913,5.612574226
0.016666667,0.917,0.835,2.147982063,1.748878924,8.581081081,5.643077346
0.022222222,0.902,0.88,2.67114094,1.979865772,6.525423729,7.462591619
0.020833333,0.917,0.78,2.050746269,1.498507463,6.479591837,5.58E+00
0.020833333,0.917,0.78,2.050746269,1.498507463,8.141025641,5.556316973
0.016666667,0.91,0.64,4.128089888,2.966292135,7.472868217,7.48237635
0.029166667,0.895,0.887,2.653333333,2,6.914893617,7.43E+00
0.02,0.917,0.786,2.931343284,2.179104478,6.288659794,5.57E+00
0.016666667,0.917,0.805,3.126126126,2.216216216,6.978947368,5.587368054
0.020555556,0.917,0.827,2.919463087,2.11409396,6.585365854,7.431875329
0.019444444,0.91,0.819,3.098654709,2.829596413,7.446808511,5.581765753
0.025,0.902,0.832,2.461538462,2.237458194,6.48,7.474090219
0.023333333,0.91,0.822,2.544642857,1.629464286,6.24,7.45E+00
0.0225,0.91,0.822,2.65625,1.649553571,6.24,7.449749709
0.0125,0.91,0.835,2.369369369,1.761261261,6.02027027,1.12E+01
0.020833333,0.917,0.92,2,1.348993289,7.297297297,7.46E+00
0.020833333,0.917,0.92,2,1.348993289,9.101123596,7.48E+00
0.017777778,0.902,0.756,2.65993266,1.683501684,5.912408759,7.443331463
0.021666667,0.902,0.83,2.295081967,1.698956781,6.216216216,1.10E+01
0.016666667,0.924,0.82,2.680898876,2.314606742,6.277027027,1.12E+01
0.025,0.91,0.785,2,1.5,6.183206107,7.46E+00
0.025,0.91,0.785,2,1.5,7.714285714,7.47014136
0.028333333,0.902,0.72,3.111111111,2.377777778,6.041666667,7.451093019
0.018888889,0.91,0.789,2.757847534,1.899103139,5.897435897,11.15504858
0.033333333,0.84,0.79,3.225806452,2.690322581,6.597222222,3.806776089
0.018888889,0.917,0.907,2.977578475,1.896860987,6.985074627,1.11E+01
0.015,0.93,0.834,2.77027027,2.094594595,6.363636364,7.477438135
0.0125,0.91,0.68,3.115963855,1.975903614,6.197802198,11.21631416
0.022777778,0.902,0.871,2.755033557,1.701342282,6.105263158,1.49E+01
0.022222222,0.895,0.838,2.819397993,2.301003344,6.532258065,7.409812151
0.0175,0.91,0.814,2.449438202,1.93258427,5.833333333,7.44E+00
0.0175,0.91,0.813,2.449438202,1.901123596,5.833333333,7.43E+00
0.016666667,0.91,0.655,4.201201201,2.921921922,7.720338983,5.60E+00
0.038333333,0.895,0.824,2.747252747,2.01978022,5.952380952,7.40E+00
0.025,0.895,0.843,2.799331104,2.240802676,6.585365854,7.39E+00
0.019444444,0.924,0.838,2.578475336,2.130044843,6.4,11.18181916
0.0175,0.924,0.816,2.623688156,2.068965517,6.067114094,11.18862892
0.020833333,0.91,0.735,3.241610738,2.268456376,6.735714286,7.46E+00
0.019444444,0.917,0.835,2,1.64983165,6.639344262,7.44E+00
0.019444444,0.917,0.835,2,1.64983165,8.265306122,7.473264594
0.034166667,0.895,0.8,3.377777778,2.155555556,6.201550388,7.359040476
0.0275,0.885,0.864,2.902654867,2.486725664,7.282608696,5.604841034
0.0275,0.885,0.864,2.902654867,2.486725664,7.282608696,5.60E+00
0.026666667,0.917,0.855,3.133928571,2.357142857,6.978021978,5.684539672
0.023333333,0.917,0.808,2.857142857,2.020089286,5.952380952,7.438231668
0.020555556,0.917,0.831,3.165540541,2.736486486,7.37704918,7.41E+00
0.021666667,0.902,0.881,2.794642857,1.696428571,6.363636364,11.14329359
0.0225,0.902,0.768,2.366071429,1.875,5.11627907,14.83319444
0.028055556,0.885,0.88,3.017857143,1.866071429,7.055555556,5.584533639
0.026111111,0.91,0.876,2.955555556,2.444444444,6.549295775,1.13E+01
0.015277778,0.91,0.84,2.253378378,1.783783784,5.765306122,1.49E+01
0.028611111,0.885,0.874,2.74,2.48,6.694214876,7.456903668
0.022222222,0.902,0.76,2,1.25027933,5.658536585,11.19676208
0.022222222,0.902,0.76,2,1.25027933,7.073170732,1.12E+01
0.020555556,0.917,0.912,2.77852349,1.899328859,6.516853933,1.48E+01
0.016666667,0.917,0.785,3.208754209,2.353535354,7.169230769,7.455912519
0.021111111,0.9,0.772,2.268907563,1.344537815,5.283018868,14.6697983
0.018333333,0.924,0.821,2.526158445,1.718983558,6.23655914,11.24207638
0.021111111,0.907,0.776,2.427293065,1.510067114,5.45,11.21546961
0.022777778,0.91,0.806,2.613065327,1.943048576,5.714285714,14.8286271
0.021666667,0.902,0.8,2.253731343,2,5.412371134,11.15364233
0.029166667,0.895,0.887,2.653333333,2,6.86440678,7.463578784
0.021666667,0.902,0.759,2.399403875,1.877794337,5.12195122,11.1820295
0.021666667,0.902,0.83,2.295081967,1.698956781,6.216216216,11.03506301
0.016666667,0.93,0.825,2.810810811,2.559121622,6.641025641,1.49E+01
0.019166667,0.924,0.816,2.522421525,2.006726457,5.757575758,1.49E+01
0.0125,0.917,0.735,2.780157835,1.762119504,5.923423423,1.49E+01
0.014166667,0.902,0.769,2.432835821,2.014925373,6.15,11.05302957
0.0125,0.91,0.835,2.378378378,1.77027027,6.032432432,11.20000084
0.028611111,0.895,0.891,2.986666667,2.553333333,6.75,7.62E+00
0.021666667,0.924,0.844,2.667785235,2.11409396,6.041666667,14.91228237
0.019166667,0.91,0.794,2.466367713,1.928251121,5.544041451,1.11E+01
0.016666667,0.924,0.83,2,1.6,6.338797814,11.1820032
0.016666667,0.924,0.83,2,1.6,7.945205479,11.15145128
0.0125,0.917,0.78,2,1.399399399,5.918367347,1.12E+01
0.0125,0.917,0.78,2,1.399399399,7.388535032,1.12E+01
0.013888889,0.917,0.87,2,1.301801802,6.590909091,11.18715654
0.013888889,0.917,0.87,2,1.301801802,8.226950355,11.20304739
0.016666667,0.924,0.815,2.722972973,2.351351351,6.333333333,1.12E+01
0.024722222,0.902,0.91,2.660714286,2.299107143,6.956521739,1.13E+01
0.020555556,0.917,0.894,2.55033557,1.761744966,6.184210526,1.49E+01
0.019166667,0.917,0.781,2.648648649,1.72972973,5.555555556,1.86E+01
0.024166667,0.917,0.871,2.693333333,1.953333333,7.796610169,7.51E+00
0.020555556,0.91,0.79,2.572706935,1.901565996,5.897435897,1.12E+01
0.015,0.917,0.809,2.702702703,1.696696697,5.957446809,1.11E+01
0.025,0.91,0.866,3.305509182,2.804674457,6.947368421,1.49E+01
0.02,0.917,0.764,2.308724832,1.476510067,5.43071161,18.62955271
0.019166667,0.91,0.918,2.901345291,1.852017937,6.904761905,11.18180242
0.018888889,0.917,0.907,2.977578475,1.896860987,6.964285714,11.13279888
0.013333333,0.924,0.845,2.657657658,2.018018018,6.424581006,1.11E+01
0.022777778,0.902,0.871,2.755033557,1.701342282,6.092436975,14.89773033
0.021666667,0.91,0.843,3.409090909,2.772727273,6.906077348,11.06282394
0.019444444,0.924,0.838,2.578475336,2.130044843,6.408839779,1.12E+01
0.0175,0.924,0.811,2.623688156,2.068965517,6.042780749,1.12E+01
0.0125,0.917,0.85,2.479674797,2.178861789,5.954166667,1.86E+01
0.020833333,0.924,0.839,2.315436242,1.700223714,6.01659751,14.88570588
0.016666667,0.93,0.814,2.684684685,1.765765766,5.910931174,1.86E+01
0.026111111,0.91,0.876,2.955555556,2.444444444,6.553672316,1.12E+01
0.0225,0.902,0.811,2.322222222,1.777777778,5.236220472,1.48E+01
0.019444444,0.93,0.853,2.802690583,2.040358744,6.497175141,11.18725932
0.019166667,0.917,0.847,2.241071429,2.116071429,5.958333333,1.86E+01
0.0125,0.917,0.695,3.055722892,1.923192771,6.2,1.12E+01
0.021666667,0.902,0.812,2.346368715,1.754189944,5.375494071,1.48E+01
0.019166667,0.91,0.784,2.533333333,2.055555556,5.534351145,14.89282908
0.0225,0.902,0.768,2.366071429,1.875,5.130111524,14.84699276
0.015555556,0.925,0.857,2.327150084,1.804384486,5.762711864,1.49E+01
0.030833333,0.902,0.868,2.721238938,1.778761062,6.91011236,11.10362342
0.021111111,0.924,0.867,2.644295302,2.201342282,6.779661017,1.88E+01
0.021111111,0.917,0.911,2.77852349,1.899328859,6.6367713,1.48E+01
0.020833333,0.902,0.923,2.771812081,1.899328859,6.473214286,14.85849136
0.020833333,0.917,0.815,2.295632699,1.847704367,5.28,14.88625356
0.016111111,0.93,0.85,2.483130904,1.956815115,6.11814346,18.65858444
0.025,0.902,0.907,2.799331104,2.451505017,6.703296703,14.82906213
0.021111111,0.91,0.772,2.268907563,1.344537815,5.283018868,14.83279606
0.02,0.917,0.77,2.268907563,1.344537815,5.283018868,14.90817197
0.015277778,0.91,0.84,2.263513514,1.793918919,5.779591837,1.49E+01
0.030277778,0.895,0.881,2.84,1.791111111,6.516853933,1.12E+01
0.016666667,0.93,0.86,2,1.5,6.196581197,14.91130716
0.016666667,0.93,0.86,2,1.5,7.754010695,14.89537627
0.016666667,0.917,0.785,2,1.349831271,5.576923077,14.91182504
0.016666667,0.917,0.785,2,1.349831271,6.971153846,14.91182504
0.015277778,0.917,0.855,2.376126126,2.162162162,5.735191638,22.41020448
0.022777778,0.91,0.806,2.613065327,1.943048576,5.708661417,14.84323659
0.014444444,0.93,0.892,2.72972973,1.540540541,6.488888889,18.58911838
0.0125,0.917,0.75,2.621621622,1.658783784,5.727941176,14.9045189
0.015833333,0.924,0.821,2.485939258,1.586051744,5.731707317,14.86855263
0.021388889,0.902,0.902,3.090909091,2.727272727,7.398843931,11.21444118
0.024444444,0.91,0.83,3.366666667,2.75,6.477732794,14.86397263
0.018888889,0.924,0.831,2.69058296,2.466367713,6.373626374,11.13429804
0.017777778,0.924,0.821,2.356902357,1.952861953,5.830508475,22.28771863
0.015833333,0.936,0.823,2.691729323,1.751879699,5.979381443,22.32529185
0.013888889,0.93,0.825,2.831081081,2.579391892,6.672131148,14.91575298
0.019166667,0.924,0.816,2.522421525,2.006726457,5.766129032,1.49E+01
0.013888889,0.924,0.895,2,1.300675676,6.415929204,14.89093283
0.013888889,0.924,0.895,2,1.300675676,8.011049724,14.9074051
0.011111111,0.936,0.815,2.414634146,2.037940379,6.044897959,18.61349873
0.024722222,0.902,0.91,2.660714286,2.299107143,6.744186047,11.24850578
0.021666667,0.924,0.844,2.667785235,2.11409396,6.041666667,14.91228237
0.027222222,0.91,0.87,3.15,2.6,6.723404255,14.82337059
0.018333333,0.917,0.791,2.252252252,1.846846847,5.403726708,18.60887634
0.016666667,0.917,0.789,2.252252252,1.846846847,5.403726708,1.86E+01
0.020555556,0.93,0.838,2.651006711,1.946308725,6.041666667,14.9024155
0.019444444,0.917,0.831,2.773333333,2.053333333,6.233766234,18.6999108
0.019166667,0.917,0.781,2.648648649,1.72972973,5.535168196,18.65892338
0.017222222,0.91,0.905,2.450134771,2.099730458,6.814159292,18.5364636
0.012222222,0.924,0.77,2.288135593,1.367231638,5.414012739,22.24952873
0.025,0.91,0.866,3.305509182,2.804674457,7.004219409,1.49E+01
0.018333333,0.936,0.834,2.581369248,2.076318743,6.041666667,22.39045191
0.021388889,0.91,0.91,3.200892857,2.299107143,7.602339181,1.13E+01
0.02,0.917,0.764,2.308724832,1.476510067,5.449101796,1.86E+01
0.016666667,0.93,0.809,2.558558559,1.666666667,5.691318328,18.6427647
0.016111111,0.93,0.886,2.696629213,1.635955056,6.3099631,22.23895793
0.015,0.91,0.86,2.756756757,1.486486486,6.026936027,18.51888147
0.018888889,0.917,0.763,2.315436242,1.476510067,5.465465465,18.56335911
0.013888889,0.917,0.85,2.460704607,2.162601626,5.91,18.63064863
0.02,0.902,0.884,3,2.55,6.837606838,1.49E+01
0.018888889,0.924,0.817,2.422611036,2.00538358,5.806451613,1.86E+01
0.016666667,0.93,0.814,2.684684685,1.765765766,5.889967638,18.63735561
0.013888889,0.936,0.815,2.39503386,2.124153499,6.180272109,22.33619847
0.019166667,0.917,0.787,2.552238806,1.664179104,5.424164524,2.24E+01
0.021666667,0.93,0.845,2.546063652,2.361809045,6.092436975,14.90167453
0.021111111,0.924,0.867,2.644295302,2.201342282,6.825938567,1.87E+01
0.013888889,0.936,0.862,2.368064953,1.623815968,6.24137931,18.64230339
0.027777778,0.91,0.685,2,1.25,4.833333333,1.49E+01
0.027777778,0.91,0.685,2,1.25,6.041666667,14.89949942
0.025,0.902,0.909,2.799331104,2.451505017,6.710526316,14.89442448
0.023888889,0.902,0.903,2.9,2.42,6.331877729,14.86100667
0.018888889,0.93,0.827,2.722689076,2.369747899,6.270491803,1.50E+01
0.017222222,0.91,0.913,2.556053812,2.150224215,6.801470588,2.25E+01
0.013888889,0.93,0.905,2,1.300813008,6.564748201,18.64209783
0.013888889,0.93,0.905,2,1.300813008,8.220720721,18.60856888
0.019444444,0.924,0.841,2.622222222,2.266666667,6.546961326,2.24E+01
0.016666667,0.936,0.843,2.510121457,1.983805668,6.114864865,1.86E+01
0.016666667,0.936,0.843,2.523616734,1.983805668,6.148648649,18.60859541
0.021666667,0.924,0.919,2.72147651,2,7.232142857,1.52E+01
0.016666667,0.924,0.777,2.293233083,1.917293233,5.498721228,2.24E+01
0.015277778,0.917,0.86,2.317567568,2.105855856,5.626404494,22.36846817
0.019166667,0.917,0.861,2.850746269,2.701492537,6.657223796,22.20576051
0.017777778,0.924,0.861,3.24,2.44,7.278911565,18.6354941
0.014444444,0.93,0.892,2.72972973,1.540540541,6.476868327,18.57259472
0.020555556,0.91,0.882,2.945945946,2.72972973,7.172413793,18.54498278
0.017777778,0.924,0.82,2.547699214,2.053872054,5.864864865,22.33603116
0.016666667,0.93,0.73,2.787387387,2.479279279,6.394927536,18.66136308
0.016111111,0.91,0.832,2.808988764,1.573033708,6.016260163,22.2591996
0.015,0.936,0.802,2.744360902,1.796992481,5.828877005,2.24E+01
0.013888889,0.936,0.83,2,1.49932341,6.063122924,18.63111711
0.013888889,0.936,0.83,2,1.49932341,7.572614108,18.64659146
0.012222222,0.93,0.774,2.245762712,1.398305085,5.432692308,2.98E+01
0.011666667,0.93,0.858,2.495495495,1.495495495,6.232876712,18.56399945
0.015833333,0.936,0.823,2.691729323,1.751879699,5.961538462,2.23E+01
0.015,0.93,0.811,2.361344538,1.722689076,5.707070707,29.74592378
0.014444444,0.937,0.868,2.367531003,1.691093574,6.289855072,2.24E+01
0.013888889,0.93,0.905,2,1.29954955,6.511976048,2.24E+01
0.013888889,0.93,0.905,2,1.29954955,8.146067416,2.24E+01
0.011111111,0.936,0.82,2.402439024,2.021680217,6.026229508,1.87E+01
0.022777778,0.924,0.873,2.299107143,1.897321429,6.436781609,22.36577327
0.027777778,0.91,0.69,2,1.250166334,4.892761394,18.66026358
0.027777778,0.91,0.69,2,1.250166334,6.124161074,18.63524982
0.021666667,0.924,0.863,2.855555556,2.366666667,7.159090909,22.36371193
0.018611111,0.917,0.914,2.5606469,2.102425876,7.446043165,18.56430891
0.013888889,0.941,0.835,2.457627119,1.86440678,6.036745407,29.81463841
0.012222222,0.924,0.77,2.288135593,1.367231638,5.394402036,2.23E+01
0.012222222,0.93,0.769,2.293785311,1.367231638,5.408163265,2.23E+01
0.010833333,0.941,0.897,2.610169492,1.588135593,6.271186441,2.98E+01
0.018333333,0.936,0.831,2.581369248,2.076318743,6.011080332,2.24E+01
0.017222222,0.91,0.905,2.450134771,2.099730458,6.466431095,18.5692715
0.016111111,0.93,0.886,2.696629213,1.635955056,6.312684366,22.25537045
0.016111111,0.93,0.888,2.719101124,1.629213483,6.342182891,2.23E+01
0.013611111,0.924,0.893,2.821670429,2.0496614,6.997084548,22.54945289
0.011666667,0.935,0.857,2.466165414,1.488721805,6.182336182,22.40876944
0.013888889,0.936,0.835,2,1.500563698,6.058495822,22.3550287
0.013888889,0.936,0.835,2,1.500563698,7.578397213,22.33946114
0.017222222,0.91,0.913,2.556053812,2.150224215,6.814159292,2.24E+01
0.016666667,0.93,0.725,2.841710428,2.577644411,6.483483483,22.36112558
0.016111111,0.91,0.887,2.666666667,2.288888889,6.724137931,22.38013568
0.015,0.91,0.902,2.918918919,2.648648649,7.412587413,18.70391077
0.013888889,0.936,0.815,2.392776524,2.120767494,6.16576087,2.24E+01
0.01,0.942,0.805,2.429378531,1.581920904,5.873417722,2.98E+01
0.016111111,0.93,0.795,2.452702703,1.743243243,5.742574257,37.18518336
0.015555556,0.936,0.821,2.483130904,2.280701754,6.019736842,18.61277162
0.0125,0.924,0.848,2.584573748,1.50202977,5.714285714,37.1452468
0.012222222,0.93,0.796,2.182432432,1.402027027,5.496031746,37.15823053
0.016666667,0.93,0.78,2,1.350089767,5.650154799,18.66803183
0.016666667,0.93,0.78,2,1.350089767,7.073643411,18.63913394
0.016388889,0.936,0.891,2.849915683,2.006745363,6.450892857,29.76802528
0.015,0.936,0.851,2.453183521,1.535580524,5.886524823,44.74175186
0.013333333,0.941,0.806,3.329571106,2.595936795,7.486486486,22.35861246
0.0125,0.936,0.822,2.497175141,1.497175141,5.852156057,29.85348843
0.011111111,0.924,0.705,2,1.249858996,5.046403712,22.36952784
0.011111111,0.924,0.705,2,1.249858996,6.304347826,2.24E+01
0.016666667,0.93,0.73,2.779477948,2.471647165,6.388405797,1.87E+01
0.014444444,0.945,0.842,2.554054054,1.925675676,6.042553191,3.72E+01
0.013611111,0.917,0.883,2.911051213,2.520215633,6.805555556,1.86E+01
0.012222222,0.922,0.811,2.571912014,1.472081218,5.489021956,29.84749995
0.011666667,0.941,0.806,2.20361991,1.601809955,5.760649087,3.72E+01
0.011111111,0.941,0.77,2.220525869,1.65394402,5.215496368,2.98E+01
0.010833333,0.941,0.892,2.740841248,1.70963365,6.531531532,3.71E+01
0.018888889,0.93,0.86,2.899159664,2.403361345,6.872340426,29.95006138
0.018888889,0.93,0.86,2.899159664,2.403361345,6.872340426,3.00E+01
0.015555556,0.91,0.902,3.377777778,2.933333333,7.610619469,22.17002011
0.015,0.93,0.812,2.331460674,1.882022472,5.850202429,29.72243499
0.015,0.93,0.811,2.361344538,1.722689076,5.696969697,29.74592378
0.014166667,0.936,0.811,2.344632768,1.892655367,5.862068966,29.81687202
0.012222222,0.93,0.771,2.245762712,1.398305085,5.423076923,29.70702278
0.012222222,0.93,0.774,2.245762712,1.398305085,5.423076923,29.82261431
0.008333333,0.924,0.805,2.459183673,1.452380952,5.387096774,29.85392035
0.016666667,0.93,0.775,2,1.350037397,5.576923077,22.39585861
0.016666667,0.93,0.775,2,1.350037397,6.971153846,22.39585861
0.015,0.936,0.823,2.947131609,2.474690664,5.989010989,22.34063569
0.013333333,0.932,0.771,2.381355932,2.36440678,5.527831094,29.8281606
0.013333333,0.941,0.808,2.694915254,1.754237288,5.882352941,29.8652643
0.013333333,0.93,0.793,2.253521127,1.478873239,5.328947368,4.47E+01
0.012222222,0.936,0.817,2.514124294,1.694915254,5.826235094,4.47E+01
0.008333333,0.941,0.75,3.177802945,1.770668177,6.410377358,29.80198662
0.013888889,0.924,0.892,2.86036036,2.364864865,7.050147493,22.26152864
0.013888889,0.941,0.833,2.618644068,2.084745763,5.849056604,2.98E+01
0.013888889,0.941,0.833,2.457627119,1.86440678,6.016771488,2.98E+01
0.010833333,0.95,0.858,2.471698113,1.59245283,6.15942029,4.48E+01
0.010833333,0.941,0.897,2.610169492,1.588135593,6.275395034,2.98E+01
0.010555556,0.95,0.87,2.514124294,1.807909605,6.323529412,4.48E+01
0.01,0.946,0.88,2.516949153,1.796610169,6.444444444,2.98E+01
0.014444444,0.93,0.857,2.415254237,1.711864407,6,29.84558442
0.013611111,0.917,0.868,2.804054054,2.297297297,7.021276596,29.80611535
0.0125,0.936,0.828,2.459459459,1.486486486,5.873544093,37.11069746
0.009722222,0.93,0.83,2.264945652,1.41576087,5.169072165,37.28475139
0.016666667,0.93,0.725,2.84396099,2.579894974,6.490384615,2.23E+01
0.016111111,0.93,0.795,2.452702703,1.743243243,5.727848101,3.72E+01
0.015833333,0.93,0.811,2.342342342,1.914414414,5.848142165,3.72E+01
0.014166667,0.936,0.809,2.342342342,1.914414414,5.867098865,3.72E+01
0.0125,0.924,0.848,2.584573748,1.50202977,5.714285714,3.71E+01
0.011111111,0.945,0.79,2.195386703,1.704206242,5.304780876,3.73E+01
0.011111111,0.93,0.705,2,1.25,5.078809107,2.98E+01
0.011111111,0.93,0.705,2,1.25,6.345733042,2.98E+01
0.01,0.941,0.805,2.429378531,1.581920904,5.870445344,29.81473213
0.01,0.942,0.805,2.429378531,1.581920904,5.870445344,29.84641622
0.009166667,0.941,0.84,2.723163842,1.836158192,6.94092827,29.85146917
0.018333333,0.93,0.869,3.523489933,2.973154362,7.081174439,3.73E+01
0.015,0.936,0.851,2.453183521,1.535580524,5.886524823,4.47E+01
0.014444444,0.941,0.833,2.540540541,1.790540541,5.956375839,37.22196905
0.013333333,0.936,0.847,2.462406015,1.541353383,5.878186969,44.59461503
0.0125,0.941,0.78,2.620144535,2.29765131,5.947058824,3.73E+01
0.012222222,0.936,0.792,2.193220339,1.406779661,5.492063492,3.72E+01
0.012222222,0.93,0.796,2.182432432,1.402027027,5.492063492,3.72E+01
0.011666667,0.941,0.855,2.511312217,1.809954751,6.235632184,55.7690761
0.011666667,0.941,0.854,2.49321267,1.452488688,6.18556701,37.26395423
0.011666667,0.93,0.868,2.437923251,1.433408578,5.526695527,44.57120416
0.011111111,0.936,0.884,2.25170068,1.693877551,5.868794326,3.72E+01
0.009722222,0.95,0.895,2.669683258,2.42081448,7.039848197,4.46E+01
0.014444444,0.945,0.842,2.554054054,1.925675676,6.037414966,37.27689112
0.013888889,0.924,0.871,2.783783784,2.22972973,7.025862069,37.19089064
0.0125,0.93,0.857,2.297297297,1.792792793,5.633001422,55.80171768
0.0125,0.941,0.79,2,1.349915206,5.753968254,29.85146917
0.0125,0.941,0.79,2,1.349915206,7.196029777,29.83666189
0.012222222,0.936,0.818,2.401129944,1.604519774,5.669398907,44.65382772
0.011666667,0.941,0.806,2.307692308,1.538461538,5.591572123,37.28449699
0.011111111,0.941,0.77,2.234944869,1.66581849,5.245647969,2.98E+01
0.010833333,0.95,0.85,2.439759036,1.656626506,6.244604317,55.89279242
0.010555556,0.954,0.856,2.520361991,1.959276018,6.308139535,55.95501927
0.01,0.941,0.858,2.798913043,1.630434783,6.262975779,37.18118343
0.012222222,0.95,0.915,2.279279279,2.18018018,6.114551084,55.92496093
0.012222222,0.936,0.815,2.514124294,1.694915254,5.83106267,44.61161817
0.011666667,0.945,0.844,2.406015038,1.560150376,6.036931818,44.73684711
0.010833333,0.941,0.892,2.740841248,1.70963365,6.522522523,37.11640629
0.008333333,0.941,0.755,3.120611552,1.739524349,6.352941176,29.83085144
0.008333333,0.945,0.775,2.427706283,1.573807721,5.835236542,44.71183126
0.008333333,0.924,0.815,2.411564626,1.423469388,5.334004024,29.8197795
0.008333333,0.945,0.78,2,1.399830221,5.708661417,29.83380059
0.008333333,0.945,0.78,2,1.399830221,7.142857143,29.80443661
0.013888889,0.93,0.826,2.398876404,2.292134831,5.745554036,44.74029382
0.013333333,0.936,0.788,2.256338028,1.478873239,5.328947368,44.66158354
0.013333333,0.93,0.793,2.253521127,1.478873239,5.328947368,44.65686045
0.012222222,0.945,0.831,2.431151242,1.485327314,5.714285714,5.58E+01
0.011944444,0.93,0.828,2.291196388,1.613995485,5.315934066,4.47E+01
0.011388889,0.945,0.891,2.689265537,1.638418079,6.315789474,4.46E+01
0.010833333,0.95,0.858,2.471698113,1.59245283,6.15942029,44.81036102
0.010555556,0.95,0.87,2.514124294,1.807909605,6.323529412,44.77857096
0.010555556,0.95,0.851,2.542372881,1.762711864,6.258992806,4.48E+01
0.006944444,0.941,0.84,2,1.25,6.11814346,2.99E+01
0.006944444,0.941,0.84,2,1.25,7.65171504,2.98E+01
0.022222222,0.93,0.74,2,1.25,5.330882353,3.73E+01
0.022222222,0.93,0.74,2,1.25,6.663602941,37.2856776
0.014166667,0.936,0.852,2.528528529,1.690690691,6.154721274,55.84994858
0.013333333,0.941,0.848,2.525525526,1.690690691,6.154721274,55.88468532
0.0125,0.941,0.79,2,1.350203344,5.753968254,37.31433646
0.0125,0.941,0.79,2,1.350203344,7.192460317,37.31433646
0.011388889,0.95,0.907,2.327683616,2.033898305,6.113671275,44.69205659
0.011111111,0.945,0.853,2.491525424,1.610169492,6.120689655,7.45E+01
0.011111111,0.945,0.78,2,1.40027137,5.708661417,37.29225073
0.011111111,0.945,0.78,2,1.40027137,7.135826772,3.73E+01
0.010833333,0.941,0.85,2.535849057,1.694339623,6.196581197,44.73671803
0.009722222,0.93,0.835,2.229619565,1.392663043,5.107794362,37.30827723
0.008333333,0.95,0.785,2.752974504,1.584135977,6.00166113,44.71139554
0.008333333,0.945,0.775,2.34594431,1.563256659,5.650586701,55.9444936
0.008333333,0.936,0.785,2.546485261,1.412698413,5.443535188,44.71108282
0.015555556,0.934,0.85,2.288288288,2.18018018,5.774011299,55.97930879
0.0125,0.941,0.78,2.628726287,2.307136405,5.963949843,37.30983805
0.011666667,0.941,0.855,2.511312217,1.809954751,6.229885057,55.7690761
0.011388889,0.95,0.898,2.153153153,1.828828829,5.578562728,55.80351533
0.011111111,0.945,0.79,2.200135685,1.708955224,5.320574163,37.2945095
0.010833333,0.941,0.822,2.516930023,1.636568849,5.867768595,74.57019355
0.010555556,0.95,0.855,2.520361991,1.778280543,6.196531792,5.60E+01
0.010555556,0.945,0.884,2.520325203,1.612466125,6.446428571,9.32E+01
0.01,0.95,0.856,2.488687783,1.595022624,6.304347826,74.50984661
0.009722222,0.95,0.895,2.669683258,2.42081448,7.040971168,44.6427063
0.008333333,0.941,0.875,2.590074779,1.363018355,6.171617162,7.45E+01
0.008333333,0.945,0.83,2,1.2,6.072026801,3.73E+01
0.008333333,0.945,0.83,2,1.2,7.583682008,3.73E+01
0.022222222,0.93,0.75,2,1.249930031,5.403726708,4.47E+01
0.022222222,0.93,0.75,2,1.249930031,6.754658385,44.73614438
0.013333333,0.945,0.823,2.508445946,1.597972973,5.997920998,7.45E+01
0.0125,0.931,0.763,2.870481928,2.710843373,6.396761134,5.59E+01
0.0125,0.93,0.857,2.297297297,1.792792793,5.631399317,55.81759299
0.011111111,0.95,0.86,2.533936652,1.923076923,6.302325581,55.98078277
0.010833333,0.95,0.85,2.439759036,1.656626506,6.237054085,55.90887668
0.010555556,0.954,0.856,2.520361991,1.959276018,6.309662398,55.8899553
0.010555556,0.958,0.896,1.967391304,1.116847826,5.018181818,94.03611447
0.010277778,0.95,0.896,2.56462585,2.034013605,6.318181818,74.60067536
0.009444444,0.954,0.876,2.491525424,1.508474576,6.473214286,74.57426172
0.008888889,0.953,0.872,2.401129944,2.011299435,6.405325444,44.7583987
0.008888889,0.954,0.79,2.765292252,1.692342546,6.132253711,55.61886807
0.008333333,0.945,0.77,2.457986374,1.59348978,5.863989637,44.75672426
0.008333333,0.95,0.805,2,1.349981082,5.926430518,44.72331681
0.008333333,0.95,0.805,2,1.349981082,7.410562181,44.70808407
0.012222222,0.95,0.915,2.279279279,2.18018018,6.121437423,55.89033248
0.012222222,0.945,0.831,2.431151242,1.485327314,5.711086226,55.87309772
0.011666667,0.941,0.82,2.347629797,1.523702032,5.454545455,74.38875756
0.011111111,0.945,0.853,2.491525424,1.610169492,6.120689655,74.50017415
0.009444444,0.954,0.831,3.167420814,2.375565611,7.717514124,55.89991252
0.009166667,0.95,0.861,2.468277946,1.688821752,6.296728972,5.58E+01
0.008333333,0.95,0.79,2.73427762,1.574504249,5.995989305,4.47E+01
0.008333333,0.936,0.83,2.516772439,1.561196736,5.692946058,5.59E+01
0.008333333,0.95,0.84,2,1.4,6.178977273,4.48E+01
0.008333333,0.95,0.84,2,1.4,7.726465364,4.47E+01
0.008333333,0.936,0.815,2.372593431,1.306908267,5.221467391,44.73317571
0.007222222,0.954,0.892,2.45,1.822727273,5.811138015,56.00305716
0.015555556,0.95,0.827,2.425675676,1.567567568,5.848739496,9.31E+01
0.011388889,0.936,0.861,2.398648649,1.513513514,5.534482759,7.45E+01
0.011111111,0.945,0.775,2,1.25,5.662839248,5.59E+01
0.011111111,0.945,0.775,2,1.25,7.082245431,5.59E+01
0.010833333,0.941,0.822,2.516930023,1.636568849,5.867768595,7.46E+01
0.010555556,0.945,0.884,2.520325203,1.612466125,6.442857143,9.32E+01
0.01,0.935,0.85,2.749152542,2.162711864,6.855932203,7.47E+01
0.01,0.95,0.856,2.488687783,1.595022624,6.304347826,7.45E+01
0.008333333,0.95,0.81,2.275056689,1.749433107,5.476875642,74.56756071
0.008333333,0.945,0.785,2.301966717,1.532829047,5.614164905,5.59E+01
0.008333333,0.954,0.8,2.240136054,1.481292517,5.270132518,7.46E+01
0.008333333,0.95,0.868,2.53968254,1.473922902,6.294117647,1.12E+02
0.008333333,0.954,0.858,2.762250454,1.372050817,6.368421053,9.29E+01
0.008333333,0.95,0.815,2,1.350075643,5.981256891,5.60E+01
0.008333333,0.95,0.815,2,1.350075643,7.472451791,5.60E+01
0.008333333,0.954,0.885,2,1.050340136,6.531531532,7.47E+01
0.008333333,0.954,0.885,2,1.050340136,8.164414414,7.47E+01
0.006944444,0.95,0.825,2,1.199546485,6.066945607,44.77289417
0.006944444,0.95,0.825,2,1.199546485,7.578397213,44.80411655
0.014444444,0.958,0.883,1.481081081,0.837837838,3.7375,107.8362196
0.013333333,0.945,0.816,2.508445946,1.597972973,5.958677686,7.43E+01
0.0125,0.941,0.833,2.35198556,1.55234657,5.771812081,9.31E+01
0.010833333,0.945,0.834,2.414104882,1.582278481,5.743243243,9.29E+01
0.010277778,0.95,0.899,2.56462585,2.034013605,6.318181818,7.49E+01
0.010277778,0.95,0.862,2.35326087,1.755434783,5.832167832,9.33E+01
0.01,0.954,0.865,2.2760181,1.667420814,6.008849558,74.29530753
0.009444444,0.954,0.874,2.491525424,1.508474576,6.473214286,74.40400085
0.009166667,0.939,0.785,2.719457014,2.169683258,6.929133858,74.58601926
0.009166667,0.954,0.896,2.505434783,1.744565217,6.163636364,93.64347933
0.009166667,0.954,0.904,2.505434783,1.744565217,6.220183486,93.62067654
0.008333333,0.954,0.805,2.755777073,1.678749434,6.177242888,55.92537564
0.008333333,0.962,0.885,2.64399093,1.569160998,6.575757576,111.9233617
0.008333333,0.936,0.83,2.490480508,1.54306437,5.626106195,55.95524874
0.008333333,0.954,0.852,2.329931973,1.452380952,6.304347826,74.47392942
0.008333333,0.941,0.875,2.622705642,1.405846363,6.234210526,7.48E+01
0.008333333,0.954,0.85,2,1.39990942,6.26443418,55.95045871
0.008333333,0.954,0.85,2,1.39990942,7.828282828,55.96661069
0.007777778,0.958,0.889,2.459183673,1.394557823,6.190909091,7.46E+01
0.005555556,0.95,0.865,2.630114566,1.181123841,5.8,9.33E+01
0.015555556,0.95,0.827,2.425675676,1.567567568,5.838926174,93.26825304
0.011666667,0.95,0.841,2.451807229,1.652108434,6.164772727,112.0342285
0.011666667,0.945,0.835,2.334337349,1.581325301,5.649717514,111.2781788
0.011111111,0.954,0.857,2.720867209,2.070460705,7.027972028,9.32E+01
0.011111111,0.954,0.835,2.252508815,1.820992677,5.256410256,9.28E+01
0.011111111,0.945,0.775,2,1.25,5.6640625,7.47E+01
0.011111111,0.945,0.775,2,1.25,7.080078125,74.68991062
0.010833333,0.954,0.881,2.384615385,2.153846154,6.329341317,111.8302288
0.010833333,0.954,0.842,2.528614458,1.662650602,6.114285714,111.9997295
0.010555556,0.95,0.878,2.466101695,1.576271186,6.116071429,148.8622567
0.01,0.94,0.783,2.649186257,2.200723327,6.79245283,93.24062995
0.009444444,0.932,0.86,2.701086957,2.320652174,6.404109589,93.23643908
0.009166667,0.958,0.867,2.600226501,1.530011325,6.333333333,1.49E+02
0.009166667,0.945,0.858,2.391304348,1.467391304,5.694444444,93.025079
0.008888889,0.95,0.873,2.614601019,1.638370119,6.4,148.6753009
0.008888889,0.954,0.869,2.25,1.491847826,6.361702128,93.13345681
0.008333333,0.95,0.795,2.40275762,1.914005806,5.683064516,93.26976685
0.008333333,0.95,0.8,2.348151508,1.809253799,5.591056911,7.45E+01
0.008333333,0.954,0.79,2.29829932,1.517006803,5.369354839,7.45E+01
0.008333333,0.95,0.868,2.53968254,1.473922902,6.294117647,111.6890793
0.008333333,0.951,0.868,2.53968254,1.473922902,6.294117647,1.12E+02
0.008333333,0.954,0.858,2.762250454,1.372050817,6.342657343,9.33E+01
0.008333333,0.954,0.825,2,1.249914879,6.092436975,74.62214759
0.008333333,0.954,0.825,2,1.249914879,7.615546218,74.62214759
0.006944444,0.95,0.885,2.343934575,1.144479782,5.302238806,1.12E+02
0.006944444,0.954,0.825,2,1.049954587,6.081838565,5.59E+01
0.006944444,0.954,0.825,2,1.049954587,7.598039216,5.60E+01
0.004166667,0.954,0.83,2,1.249886415,6.144067797,74.4435257
0.004166667,0.954,0.83,2,1.249886415,7.680084746,74.4435257
0.014444444,0.95,0.8,2.25443787,1.595942519,5.766497462,149.110522
0.0125,0.945,0.832,2.229119639,1.51241535,5.400843882,1.48E+02
0.012222222,0.95,0.785,2.346501129,1.637697517,5.718085106,111.7042174
0.011666667,0.95,0.871,2.623306233,1.715447154,6.042402827,1.87E+02
0.011111111,0.958,0.83,2.518669382,2.110205929,6.017730496,111.6583449
0.011111111,0.95,0.79,2,1.199972903,5.817307692,93.28112045
0.011111111,0.95,0.79,2,1.199972903,7.271634615,93.28112045
0.010833333,0.945,0.893,2.493224932,1.327913279,5.794223827,186.2436591
0.010277778,0.945,0.861,2.42081448,1.49321267,5.595375723,112.1500631
0.01,0.945,0.849,2.318644068,1.410169492,5.240343348,148.9408674
0.009444444,0.94,0.853,2.83446712,2.709750567,6.982857143,111.7978348
0.009444444,0.954,0.886,2.338983051,1.427118644,5.800904977,148.8308045
0.009166667,0.946,0.794,2.725490196,2.377073906,7.192513369,111.9107237
0.009166667,0.954,0.896,2.505434783,1.744565217,6.189781022,9.33E+01
0.009166667,0.962,0.873,2.57918552,1.535067873,6.516853933,1.49E+02
0.009166667,0.954,0.864,2.447129909,1.397280967,6.382352941,111.6424857
0.008888889,0.962,0.883,2.634974533,1.646859083,6.590909091,148.8939034
0.008888889,0.954,0.879,2.581521739,1.548913043,6.529147982,186.2389802
0.008333333,0.95,0.795,2.371008708,1.890965167,5.610967742,9.33E+01
0.008333333,0.962,0.885,2.64399093,1.569160998,6.575757576,1.12E+02
0.008333333,0.954,0.835,2,1.25004543,6.173469388,93.29763694
0.008333333,0.954,0.835,2,1.25004543,7.716836735,93.29763694
0.007777778,0.962,0.859,2.517006803,1.485260771,6.382352941,111.927194
0.006944444,0.962,0.888,2.259090909,1.672727273,5.984732824,111.4519844
0.006944444,0.962,0.891,2.259090909,1.672727273,5.984732824,111.8285114
0.005555556,0.95,0.87,2.514721919,1.124863686,5.551408451,93.50819231
0.005555556,0.954,0.875,2,1,6.482142857,9.31E+01
0.005555556,0.954,0.875,2,1,8.102678571,9.31E+01
0.004166667,0.958,0.84,2.835504393,1.632535595,6.553571429,112.202182
0.013333333,0.95,0.794,2.337278107,1.521555368,5.826612903,149.0439142
0.011111111,0.954,0.835,2.23352319,1.809601302,5.17755102,93.29763694
0.011111111,0.95,0.79,2,1.199954838,5.802139037,111.8177534
0.011111111,0.95,0.79,2,1.199954838,7.252673797,111.8177534
0.010833333,0.954,0.874,2.533936652,1.502262443,6.517857143,186.0100021
0.010833333,0.95,0.858,2.260180995,1.436651584,5.173913043,224.0518051
0.010833333,0.954,0.831,2.399638336,1.399638336,5.898305085,186.3330417
0.010555556,0.954,0.875,2.386440678,1.529943503,6.49070632,223.6336642
0.01,0.954,0.832,2.720361991,2.629864253,7.627118644,186.5572692
0.01,0.95,0.828,2.650452489,2.349547511,7.268907563,1.49E+02
0.01,0.95,0.894,2.657627119,1.810169492,6.163636364,1.49E+02
0.01,0.962,0.885,2.461538462,1.494343891,6.457575758,223.8467234
0.01,0.954,0.883,2.363636364,1.485753053,6.482014388,186.5831124
0.01,0.95,0.856,2.432126697,1.464932127,6.065217391,149.0196932
0.01,0.965,0.893,2.382785957,1.388448471,6.716475096,223.9998624
0.01,0.962,0.891,2.410326087,1.370923913,6.697247706,186.0963014
0.009166667,0.957,0.893,2.461956522,2.04076087,6.394160584,186.5659649
0.009166667,0.962,0.86,2.499094203,1.579710145,6.455830389,186.5427685
0.009166667,0.962,0.86,2.499094203,1.579710145,6.46460177,186.2131876
0.009166667,0.962,0.873,2.57918552,1.535067873,6.502242152,149.2150531
0.009166667,0.958,0.855,2.5,1.501811594,6.403508772,185.9922905
0.008888889,0.962,0.883,2.634974533,1.646859083,6.561085973,149.5706939
0.008888889,0.95,0.873,2.614601019,1.638370119,6.4,148.6753009
0.008888889,0.962,0.89,2.467391304,1.576086957,6.678899083,1.86E+02
0.008888889,0.962,0.882,2.366847826,1.487771739,6.552727273,1.86E+02
0.008888889,0.958,0.878,2.428571429,1.423469388,5.927927928,148.7755137
0.008333333,0.958,0.835,2.796184853,1.638810037,6.485026738,148.9779738
0.007777778,0.948,0.837,2.549319728,2.5,6.737288136,149.1984314
0.006944444,0.962,0.876,2.353741497,1.704081633,6.101694915,148.5528255
0.006944444,0.962,0.878,2.353741497,1.704081633,6.101694915,148.8919872
0.006944444,0.962,0.894,2.277272727,1.690909091,6.042944785,111.6911222
0.006944444,0.962,0.891,2.259090909,1.672727273,5.975609756,111.9992419
0.006944444,0.95,0.885,2.343480236,1.144479782,5.317964072,111.8669523
0.005555556,0.954,0.92,2.754260395,1.508520791,6.139181287,149.4723231
0.005555556,0.962,0.86,2.56543252,1.213103566,5.94640884,149.1353405
0.005555556,0.962,0.85,2,1.100045475,6.308139535,112.0574934
0.005555556,0.962,0.85,2,1.100045475,7.885174419,1.12E+02
0.005555556,0.958,0.86,2,1.09989083,6.39084507,9.32E+01
0.005555556,0.958,0.86,2,1.09989083,7.988556338,93.2117719
0.005555556,0.965,0.865,2,1,6.473214286,148.9738008
0.005555556,0.958,0.885,2,1,6.536144578,112.1334868
0.005555556,0.958,0.895,2,1,6.651376147,148.92359
0.005555556,0.965,0.865,2,1,8.091517857,148.9738008
0.005555556,0.958,0.885,2,1,8.170180723,112.1334868
0.005555556,0.958,0.895,2,1,8.314220183,148.92359
0.004166667,0.958,0.84,2.812329597,1.619206301,6.534482759,111.5610267
0.004166667,0.958,0.84,2,1.200060579,6.235632184,111.5610267
0.004166667,0.958,0.84,2,1.200060579,7.79454023,1.12E+02
0.004166667,0.958,0.82,2,1.2,6.092436975,1.49E+02
0.004166667,0.958,0.82,2,1.2,7.615546218,148.9617541
0.013055556,0.95,0.867,2.021276596,1.632495164,5.087939698,261.1825958
0.011666667,0.954,0.9,2.19729207,1.740812379,5.774278215,260.6359502
0.011111111,0.958,0.835,2.462443439,2.07239819,5.869886364,112.1716508
0.011111111,0.962,0.863,2.396837349,1.539156627,6.147928994,3.35E+02
0.011111111,0.954,0.865,2.248789932,1.303000968,5.335858586,260.3623166
0.010555556,0.958,0.86,2.355084746,1.558474576,5.987394958,312.4563622
0.010555556,0.954,0.875,2.386440678,1.529943503,6.494047619,223.4673939
0.010277778,0.954,0.869,2.309954751,1.800904977,5.628318584,223.9166089
0.01,0.954,0.882,2.723728814,1.538983051,6.351351351,2.98E+02
0.01,0.965,0.893,2.382785957,1.388448471,6.720858896,223.828215
0.01,0.962,0.891,2.410326087,1.370923913,6.709558824,185.7548403
0.009444444,0.962,0.88,2.706110572,1.580989331,6.541450777,260.3535525
0.009166667,0.962,0.893,2.126358696,2.096467391,5.928308824,372.3435968
0.008888889,0.962,0.89,2.467391304,1.576086957,6.666666667,1.86E+02
0.008611111,0.956,0.874,2.247282609,1.695652174,5.789285714,1.86E+02
0.008333333,0.962,0.884,2.131618759,1.981845688,5.809716599,3.35E+02
0.008333333,0.958,0.835,2.78937209,1.634608834,6.62991453,1.49E+02
0.008055556,0.962,0.896,2.154195011,1.85260771,6.193251534,223.8819809
0.008055556,0.962,0.899,2.154195011,1.85260771,6.211538462,223.9425318
0.008055556,0.962,0.9,2.093537415,1.738095238,5.928074246,297.3125972
0.007777778,0.962,0.908,2.293203883,2.033009709,6.656,260.9820555
0.007777778,0.962,0.908,2.293203883,2.033009709,6.656666667,260.9820555
0.007777778,0.962,0.885,2.214673913,1.766304348,5.96,186.5389361
0.0075,0.962,0.91,2.27520436,1.91280654,6.183520599,186.228517
0.006944444,0.962,0.876,2.353741497,1.704081633,6.081081081,149.0563944
0.006944444,0.962,0.877,2.353741497,1.704081633,6.081081081,149.2265501
0.006944444,0.958,0.9,1.750068138,0.699918234,6.734317343,186.1640286
0.006944444,0.958,0.9,1.750068138,0.699918234,8.417896679,186.1640286
0.006388889,0.965,0.893,3.483816014,2.103918228,8.620689655,298.6664832
0.005555556,0.958,0.915,2.975995636,1.60365521,6.744392523,186.8223577
0.005555556,0.958,0.815,2.94080742,1.567375887,6.652808989,166.093577
0.005555556,0.954,0.915,2.772587794,1.465052847,6.159345794,1.49E+02
0.005555556,0.962,0.865,2.517400205,1.189355169,5.869777778,149.1736639
0.005555556,0.962,0.855,2.461800819,1.175170532,5.756338028,186.1135469
0.005555556,0.965,0.88,1.750028419,0.80004547,6.64652568,2.24E+02
0.005555556,0.965,0.88,1.750028419,0.80004547,8.3081571,2.24E+02
0.005555556,0.965,0.88,1.749965898,0.800027281,6.612318841,186.740074
0.005555556,0.965,0.88,1.749965898,0.800027281,8.265398551,186.740074
